1 0.994658 -3.2 0.994658 -3.2 -0.96973 -3.08001 1.56918 -1.31768
0 2.06296 -0.999104 3.2 -1.76413 1.56918 -1.31768 2.17202 -0.421689
0 2.07878 0.584809 3.2 0.999434 2.17202 -0.421689 1.49474 1.40981
1 -1.57705 3.2 -1.57705 3.2 -2.38661 1.39634 0.396306 3.07986
0 -3.2 0.220406 -2.61193 0.405597 -1.85957 -0.27727 -2.38661 1.39634
1 -3.2 -2.24547 -3.2 -2.24547 -0.96973 -3.08001 -1.85957 -0.27727
1 -1.03549 3.2 -1.03549 3.2 -1.43662 1.82031 0.396306 3.07986
1 -1.88386 1.54613 -2.62195 3.2 -2.38661 1.39634 -1.43662 1.82031
0 -0.475094 2.79721 -0.775404 3.2 -0.994726 2.04275 0.396306 3.07986
1 -1.19244 1.88538 -1.85419 3.2 -1.43662 1.82031 -0.994726 2.04275
0 1.30234 1.92846 2.80592 3.2 1.49474 1.40981 0.822849 2.20431
1 -0.017509 2.33658 1.7548 3.2 0.822849 2.20431 0.396306 3.07986
1 -0.0175087 2.33658 -0.475094 2.79721 -0.763505 1.9277 0.396306 3.07986
1 -0.971835 1.79888 -0.475093 2.79721 -0.763505 1.9277 -0.994726 2.04275
0 -0.0147844 2.32096 -0.017509 2.33658 -0.763505 1.9277 0.822849 2.20431
0 -0.0147843 2.32096 0.236805 2.10131 0.213835 1.50673 0.822849 2.20431
0 -0.155177 1.99502 -0.0147843 2.32096 0.213835 1.50673 -0.763505 1.9277
1 0.236805 2.10131 1.30234 1.92846 0.760235 1.81833 0.822849 2.20431
1 0.505172 1.63073 0.236805 2.10131 0.213835 1.50673 0.760235 1.81833
0 -0.110694 1.72048 -0.155177 1.99502 -0.351124 1.41519 0.213835 1.50673
1 -0.756694 1.51102 -0.155177 1.99502 -0.351124 1.41519 -0.763505 1.9277
1 1.04533 1.46637 1.30234 1.92845 1.49474 1.40981 0.760235 1.81833
1 -1.19244 1.88538 -0.971835 1.79888 -1.15438 1.63556 -0.994726 2.04275
1 -1.50962 1.40082 -1.19244 1.88538 -1.15438 1.63556 -1.43662 1.82031
1 0.130093 1.1444 -0.110694 1.72048 -0.186584 1.33936 0.213835 1.50673
1 -0.315711 1.2756 -0.110694 1.72048 -0.186584 1.33936 -0.351124 1.41519
1 -1.88386 1.54613 -1.50962 1.40082 -1.73882 1.04198 -1.43662 1.82031
1 -2.2513 0.874411 -1.88386 1.54613 -1.73882 1.04198 -2.38661 1.39634
1 -0.756694 1.51102 -0.971835 1.79888 -1.15438 1.63556 -0.763505 1.9277
1 0.505172 1.63073 1.04534 1.46637 0.612514 1.33285 0.760235 1.81833
1 0.308447 1.17966 0.505172 1.63073 0.612514 1.33285 0.213835 1.50673
0 -0.773836 1.44853 -0.756694 1.51102 -0.351124 1.41519 -1.15438 1.63556
1 1.07625 1.11201 1.04533 1.46637 0.612514 1.33285 1.49474 1.40981
0 -0.773836 1.44853 -0.650932 1.38095 -0.519244 1.10944 -0.351124 1.41519
0 -0.826797 1.3846 -0.773836 1.44853 -0.519244 1.10944 -1.15438 1.63556
0 -1.50962 1.40082 -1.45861 1.3506 -1.73882 1.04198 -1.15438 1.63556
0 -3.2 -1.59721 -1.86633 -0.851942 -1.37336 -1.14736 -1.85957 -0.27727
1 -3.2 -2.53732 -3.2 -2.53732 -0.96973 -3.08001 -1.37336 -1.14736
1 -0.78222 0.948638 -0.826797 1.3846 -1.0723 1.05289 -0.519244 1.10944
1 -1.16389 1.33711 -0.826797 1.3846 -1.0723 1.05289 -1.15438 1.63556
1 -1.45861 1.3506 -1.16389 1.33711 -1.18169 1.03903 -1.15438 1.63556
0 -1.46021 1.04836 -1.45861 1.3506 -1.18169 1.03903 -1.73882 1.04198
1 -0.650932 1.38095 -0.315711 1.2756 -0.424612 1.18136 -0.351124 1.41519
1 -0.448326 1.11434 -0.650932 1.38095 -0.519244 1.10944 -0.424612 1.18136
1 -1.11316 0.936807 -1.16389 1.33711 -1.18169 1.03903 -1.0723 1.05289
1 1.26813 0.875391 1.07625 1.11201 0.698422 0.764062 1.49474 1.40981
1 0.621147 1.04327 1.07625 1.11201 0.698422 0.764062 0.612514 1.33285
1 1.95672 -0.798204 2.07878 0.584809 2.17202 -0.421689 1.81069 -0.3898
0 2.02299 0.575014 2.07878 0.584809 1.81069 -0.3898 1.49474 1.40981
0 1.68707 -0.125396 2.02299 0.575014 1.81069 -0.3898 1.4035 -0.194512
0 1.77343 0.589206 2.02299 0.575014 1.4035 -0.194512 1.49474 1.40981
1 0.308447 1.17966 0.621147 1.04327 0.403038 0.852595 0.612514 1.33285
1 0.142767 1.13174 0.308447 1.17966 0.403038 0.852595 0.213835 1.50673
0 0.130093 1.1444 0.142767 1.13174 -0.23212 1.06016 0.213835 1.50673
1 -0.272173 1.21001 0.130093 1.1444 -0.23212 1.06016 -0.186584 1.33936
0 0.115062 1.04697 0.142767 1.13174 0.403038 0.852595 -0.23212 1.06016
0 1.26813 0.875391 1.35619 0.819551 0.881382 0.44251 1.49474 1.40981
0 0.847994 0.63634 1.26813 0.875391 0.881382 0.44251 0.698422 0.764062
1 1.09074 0.0346976 1.77343 0.589206 1.4035 -0.194512 0.930517 0.387804
0 1.35619 0.819551 1.77343 0.589206 0.930517 0.387804 1.49474 1.40981
1 0.808389 0.32753 1.35619 0.819551 0.930517 0.387804 0.881382 0.44251
0 -2.61193 0.405597 -2.2513 0.874411 -1.71213 0.877513 -2.38661 1.39634
0 -2.61193 0.405597 -2.12003 0.34279 -1.85957 -0.27727 -1.71213 0.877513
1 -0.272173 1.21001 -0.315712 1.2756 -0.424612 1.18136 -0.186584 1.33936
1 -2.2513 0.874411 -1.47411 1.00054 -1.71213 0.877513 -1.73882 1.04198
0 0.117815 1.02497 0.115062 1.04697 -0.116152 0.78764 0.403038 0.852595
1 -0.188137 0.917942 0.115062 1.04697 -0.116152 0.78764 -0.23212 1.06016
1 -0.339675 1.1028 -0.272173 1.21001 -0.23212 1.06016 -0.424612 1.18136
0 0.220116 0.7788 0.117815 1.02497 0.038771 0.701213 0.403038 0.852595
1 -0.102205 0.630576 0.117815 1.02497 0.038771 0.701213 -0.116152 0.78764
0 0.550869 0.808794 0.621147 1.04327 0.698422 0.764062 0.403038 0.852595
1 -1.46021 1.04836 -1.11316 0.936807 -1.22841 0.893654 -1.18169 1.03903
0 -1.47411 1.00054 -1.46021 1.04836 -1.22841 0.893654 -1.73882 1.04198
1 -1.46845 0.831007 -1.47411 1.00054 -1.71213 0.877513 -1.22841 0.893654
0 -0.78222 0.948638 -0.595103 0.935311 -0.544689 0.752185 -0.519244 1.10944
1 -0.860832 0.810708 -0.78222 0.948638 -0.544689 0.752185 -1.0723 1.05289
1 -0.331702 1.0016 -0.339675 1.1028 -0.439226 1.04384 -0.23212 1.06016
1 -0.448326 1.11434 -0.339675 1.1028 -0.439226 1.04384 -0.424612 1.18136
1 -0.595103 0.935311 -0.448326 1.11434 -0.439226 1.04384 -0.519244 1.10944
1 -0.662609 0.599521 -0.860833 0.810708 -0.822428 0.491496 -0.544689 0.752185
0 -0.945913 0.77284 -0.860832 0.810708 -0.822428 0.491496 -1.0723 1.05289
1 -0.595103 0.935311 -0.488309 0.896694 -0.544689 0.752185 -0.439226 1.04384
1 -0.331702 1.0016 -0.188137 0.917942 -0.333554 0.886091 -0.23212 1.06016
1 -0.488309 0.896694 -0.331702 1.0016 -0.333554 0.886091 -0.439226 1.04384
1 -1.1302 0.586797 -0.945913 0.77284 -0.822428 0.491496 -1.22841 0.893654
0 -1.11316 0.936807 -0.945913 0.77284 -1.22841 0.893654 -1.0723 1.05289
1 -1.46845 0.831007 -1.18142 0.586382 -1.49226 0.584076 -1.22841 0.893654
1 -2.12003 0.34279 -1.46845 0.831007 -1.49226 0.584076 -1.71213 0.877513
0 -0.222408 0.842266 -0.188137 0.917942 -0.116152 0.78764 -0.333554 0.886091
0 -0.469564 0.867139 -0.488309 0.896694 -0.544689 0.752185 -0.333554 0.886091
1 -2.12003 0.34279 -1.67446 0.152782 -1.85957 -0.27727 -1.49226 0.584076
1 -0.469564 0.867139 -0.348964 0.786402 -0.43526 0.734168 -0.333554 0.886091
1 -0.503704 0.659795 -0.469565 0.867139 -0.43526 0.734168 -0.544689 0.752185
1 0.220116 0.7788 0.454088 0.640829 0.244069 0.583014 0.403038 0.852595
1 0.109203 0.586157 0.220116 0.7788 0.244069 0.583014 0.038771 0.701213
1 0.550869 0.808794 0.847994 0.63634 0.662901 0.702862 0.698422 0.764062
1 0.454088 0.64083 0.550869 0.808794 0.662901 0.702862 0.403038 0.852595
1 -0.102205 0.630576 -0.222408 0.842266 -0.22994 0.723029 -0.116152 0.78764
1 -0.326975 0.775821 -0.222408 0.842266 -0.22994 0.723029 -0.333554 0.886091
0 -1.0334 0.404649 -1.1302 0.586797 -1.22343 0.278388 -0.822428 0.491496
0 -1.18142 0.586382 -1.1302 0.586797 -1.22343 0.278388 -1.22841 0.893654
1 -1.67446 0.152782 -1.18142 0.586382 -1.22343 0.278388 -1.49226 0.584076
0 -0.348964 0.786402 -0.326975 0.775821 -0.417251 0.712157 -0.333554 0.886091
1 -0.503703 0.659795 -0.348964 0.786402 -0.417251 0.712157 -0.43526 0.734168
1 -0.308516 0.457773 -0.326975 0.775821 -0.417251 0.712157 -0.22994 0.723029
0 0.464539 0.604307 0.454088 0.64083 0.244069 0.583014 0.662901 0.702862
0 0.806903 0.601857 0.847994 0.63634 0.881382 0.44251 0.662901 0.702862
1 0.464539 0.604307 0.806903 0.601857 0.66147 0.502924 0.662901 0.702862
1 0.416569 0.354305 0.464539 0.604307 0.66147 0.502924 0.244069 0.583014
1 -0.662609 0.599521 -0.533734 0.564188 -0.639033 0.408064 -0.544689 0.752185
1 -0.768861 0.365962 -0.662609 0.599521 -0.639033 0.408064 -0.822428 0.491496
0 -0.105836 0.585854 -0.102205 0.630576 0.038771 0.701213 -0.22994 0.723029
1 0.747636 0.38612 0.806903 0.601857 0.881382 0.44251 0.66147 0.502924
1 -0.105836 0.585854 0.109203 0.586157 0.0390958 0.470903 0.038771 0.701213
0 -0.179788 0.506941 -0.105835 0.585854 0.0390958 0.470903 -0.22994 0.723029
0 -0.533734 0.564188 -0.503703 0.659795 -0.417251 0.712157 -0.544689 0.752185
1 -0.533734 0.564188 -0.344887 0.426458 -0.639033 0.408064 -0.417251 0.712157
0 -0.308516 0.457773 -0.179788 0.506941 -0.0731138 0.312443 -0.22994 0.723029
0 -0.344887 0.426459 -0.308516 0.457773 -0.0731138 0.312443 -0.417251 0.712157
1 -0.179788 0.506941 0.0220239 0.364033 -0.0731138 0.312443 0.0390958 0.470903
1 -0.360152 0.336114 -0.344887 0.426458 -0.0731138 0.312443 -0.639033 0.408064
1 0.166338 0.481697 0.109203 0.586157 0.0390958 0.470903 0.244069 0.583014
0 0.420122 0.341167 0.416569 0.354305 0.130143 0.359235 0.66147 0.502924
1 0.166338 0.481697 0.416569 0.354305 0.130143 0.359235 0.244069 0.583014
1 -1.0334 0.404649 -0.768862 0.365962 -0.856132 0.261025 -0.822428 0.491496
0 -1.03789 0.309751 -1.0334 0.404649 -0.856132 0.261025 -1.22343 0.278388
1 0.420122 0.341167 0.747636 0.38612 0.696128 0.25042 0.66147 0.502924
1 0.40571 0.266207 0.420122 0.341167 0.696128 0.25042 0.130143 0.359235
0 -0.26752 0.240013 -0.360152 0.336114 -0.347042 0.0483994 -0.0731138 0.312443
1 -0.521985 0.204731 -0.360152 0.336114 -0.347042 0.0483994 -0.639033 0.408064
1 -1.50154 -0.04519 -1.67446 0.152783 -1.85957 -0.27727 -1.22343 0.278388
1 0.0220239 0.364033 0.166338 0.481697 0.130143 0.359235 0.0390958 0.470903
1 0.424162 0.0932141 0.40571 0.266207 0.125156 0.189519 0.696128 0.25042
1 0.0420851 0.276891 0.40571 0.266207 0.125156 0.189519 0.130143 0.359235
1 0.747636 0.38612 0.808389 0.32753 0.696128 0.25042 0.881382 0.44251
1 -0.653384 0.195462 -0.768861 0.365962 -0.856132 0.261025 -0.639033 0.408064
1 -1.03789 0.309751 -0.771358 0.129161 -0.925254 0.159011 -0.856132 0.261025
0 -1.05643 0.26344 -1.03789 0.309751 -0.925254 0.159011 -1.22343 0.278388
1 0.0420851 0.276891 0.0220239 0.364033 -0.0731138 0.312443 0.130143 0.359235
1 0.931632 0.117265 0.808389 0.32753 0.696128 0.25042 0.930517 0.387804
0 -0.26752 0.240013 -0.18948 0.215005 -0.151421 0.0680809 -0.0731138 0.312443
1 -0.233771 -0.0954279 -0.26752 0.240013 -0.347042 0.0483994 -0.151421 0.0680809
1 -0.445018 -0.12395 -0.521985 0.204731 -0.60933 -0.0130206 -0.347042 0.0483994
1 -0.653384 0.195462 -0.521985 0.20473 -0.60933 -0.0130206 -0.639033 0.408064
1 -0.996838 0.0905128 -1.05643 0.26344 -1.09542 0.100372 -0.925254 0.159011
1 -1.44221 -0.0139564 -1.05643 0.26344 -1.09542 0.100372 -1.22343 0.278388
1 1.04971 -0.146691 1.09074 0.0346976 1.4035 -0.194512 0.709777 -0.0375657
0 0.931632 0.117265 1.09074 0.0346975 0.709777 -0.0375657 0.930517 0.387804
0 -0.715511 0.139511 -0.653384 0.195462 -0.60933 -0.0130206 -0.856132 0.261025
1 0.424162 0.0932141 0.931632 0.117265 0.709777 -0.0375657 0.696128 0.25042
1 0.409546 0.0555835 0.424162 0.0932141 0.709777 -0.0375657 0.125156 0.189519
0 0.0279977 0.254168 0.0420851 0.276891 0.125156 0.189519 -0.0731138 0.312443
0 -1.50154 -0.0451899 -1.48851 -0.0414192 -1.09358 -0.170165 -1.22343 0.278388
0 -1.48436 -0.168043 -1.50154 -0.04519 -1.85957 -0.27727 -1.09358 -0.170165
0 -1.48851 -0.0414191 -1.44221 -0.0139565 -1.08076 0.0378444 -1.22343 0.278388
1 -1.48851 -0.0414192 -0.960093 -0.0739941 -1.09358 -0.170165 -1.08076 0.0378444
1 0.0584733 0.0469523 0.0279977 0.254168 -0.0464332 0.164283 0.125156 0.189519
1 -0.18948 0.215005 0.0279977 0.254168 -0.0464332 0.164283 -0.0731138 0.312443
0 0.45529 -0.0660943 0.409546 0.0555835 0.245036 -0.212283 0.709777 -0.0375657
1 0.177417 -0.0136731 0.409546 0.0555835 0.245036 -0.212283 0.125156 0.189519
1 -0.0301819 0.0411581 -0.18948 0.215005 -0.151421 0.0680809 -0.0464332 0.164283
1 -1.44221 -0.0139564 -0.996838 0.0905129 -1.08076 0.0378444 -1.09542 0.100372
1 -0.691261 -0.27646 -0.715511 0.139511 -0.803249 -0.0243255 -0.60933 -0.0130206
0 -0.771358 0.129161 -0.715511 0.139511 -0.803249 -0.0243255 -0.856132 0.261025
1 -0.939674 0.0171509 -0.771358 0.129161 -0.803249 -0.0243255 -0.925254 0.159011
1 -1.48436 -0.168043 -1.19902 -0.386639 -1.38058 -0.544798 -1.09358 -0.170165
1 -1.86633 -0.851942 -1.48436 -0.168043 -1.38058 -0.544798 -1.85957 -0.27727
1 1.04971 -0.146691 1.32847 -0.355841 1.19456 -0.472999 1.4035 -0.194512
0 1.00178 -0.20005 1.04971 -0.146691 1.19456 -0.472999 0.709777 -0.0375657
0 0.0584732 0.0469523 0.177417 -0.0136731 -0.0177075 -0.0907731 0.125156 0.189519
0 0.00151055 0.0405368 0.0584732 0.0469523 -0.0177075 -0.0907731 -0.0464332 0.164283
1 0.0926111 -0.197051 0.177417 -0.0136731 0.245036 -0.212283 -0.0177075 -0.0907731
1 0.45529 -0.0660943 0.870803 -0.211201 0.636692 -0.246846 0.709777 -0.0375657
1 0.433093 -0.317623 0.45529 -0.0660943 0.636692 -0.246846 0.245036 -0.212283
0 -0.939674 0.0171508 -0.996838 0.0905128 -1.08076 0.0378444 -0.925254 0.159011
1 -0.0810911 -0.24991 0.00151055 0.0405368 -0.0177075 -0.0907731 -0.0512465 -0.0812348
0 -0.0301819 0.0411581 0.00151055 0.0405368 -0.0512465 -0.0812348 -0.0464332 0.164283
1 1.63752 -0.554051 1.68707 -0.125396 1.81069 -0.3898 1.50639 -0.354618
1 1.32847 -0.355841 1.68707 -0.125396 1.50639 -0.354618 1.4035 -0.194512
1 -0.233771 -0.0954279 -0.0301819 0.0411581 -0.0512465 -0.0812348 -0.151421 0.0680809
1 -0.960093 -0.0739941 -0.939674 0.0171508 -0.803249 -0.0243255 -1.08076 0.0378444
0 0.982422 -0.338292 1.00178 -0.20005 1.19456 -0.472999 0.741448 -0.409559
0 0.870803 -0.211201 1.00178 -0.20005 0.741448 -0.409559 0.709777 -0.0375657
1 -0.826664 -0.339618 -0.960093 -0.0739941 -1.09358 -0.170165 -0.803249 -0.0243255
0 -0.249255 -0.130759 -0.233771 -0.0954279 -0.0512465 -0.0812348 -0.347042 0.0483994
1 -0.445018 -0.12395 -0.375572 -0.13748 -0.418909 -0.320474 -0.347042 0.0483994
1 -0.691261 -0.27646 -0.445018 -0.12395 -0.418909 -0.320474 -0.60933 -0.0130206
1 -0.129182 -0.270093 -0.249255 -0.130759 -0.327479 -0.319282 -0.0512465 -0.0812348
1 -0.375572 -0.13748 -0.249255 -0.130759 -0.327479 -0.319282 -0.347042 0.0483994
1 -0.371606 -0.441623 -0.375572 -0.13748 -0.418909 -0.320474 -0.327479 -0.319282
1 0.519133 -0.437609 0.870803 -0.211201 0.741448 -0.409559 0.636692 -0.246846
0 -0.761867 -0.368091 -0.691261 -0.27646 -0.418909 -0.320474 -0.803249 -0.0243255
0 -0.750114 -0.397478 -0.761867 -0.368091 -1.04307 -0.570104 -0.418909 -0.320474
0 -0.826664 -0.339618 -0.761867 -0.368091 -1.04307 -0.570104 -0.803249 -0.0243255
1 -1.19902 -0.386639 -0.826664 -0.339618 -1.04307 -0.570104 -1.09358 -0.170165
0 0.139764 -0.261862 0.0926111 -0.197051 0.0601928 -0.346765 0.245036 -0.212283
1 -0.0810911 -0.24991 0.0926111 -0.197051 0.0601928 -0.346765 -0.0177075 -0.0907731
1 -0.750114 -0.397478 -0.371606 -0.441623 -0.445519 -0.548634 -0.418909 -0.320474
1 -0.741048 -0.649792 -0.750114 -0.397478 -1.04307 -0.570104 -0.445519 -0.548634
0 -0.129182 -0.270093 -0.0810911 -0.24991 0.0601928 -0.346765 -0.0512465 -0.0812348
1 -0.136863 -0.378449 -0.129182 -0.270093 0.0601928 -0.346765 -0.327479 -0.319282
1 1.20519 -0.793281 0.982422 -0.338292 0.95873 -0.588464 1.19456 -0.472999
0 0.894239 -0.445391 0.982422 -0.338292 0.95873 -0.588464 0.741448 -0.409559
1 0.519133 -0.437609 0.433093 -0.317623 0.300739 -0.487754 0.636692 -0.246846
1 0.257501 -0.353129 0.433093 -0.317623 0.300739 -0.487754 0.245036 -0.212283
1 -3.2 -2.48247 -1.02739 -1.39906 -1.03453 -1.82683 -1.37336 -1.14736
0 -3.2 -2.56706 -1.09067 -2.458 -0.96973 -3.08001 -1.03453 -1.82683
1 0.139764 -0.261862 0.257501 -0.353129 0.117994 -0.37617 0.245036 -0.212283
1 0.051596 -0.435177 0.139764 -0.261862 0.117994 -0.37617 0.0601928 -0.346765
1 -1.23334 -0.844357 -1.19902 -0.386639 -1.04307 -0.570104 -1.38058 -0.544798
1 1.40754 -0.564126 1.32847 -0.355841 1.19456 -0.472999 1.50639 -0.354618
1 -0.136863 -0.378449 0.0515961 -0.435177 0.00996009 -0.513644 0.0601928 -0.346765
1 -0.178943 -0.451505 -0.136863 -0.378449 0.00996009 -0.513644 -0.327479 -0.319282
1 0.156882 -0.517916 0.257501 -0.353129 0.300739 -0.487754 0.117994 -0.37617
1 0.570084 -0.724771 0.519133 -0.437609 0.300739 -0.487754 0.741448 -0.409559
1 -0.0253553 -0.64608 -0.178943 -0.451505 -0.162372 -0.649675 0.00996009 -0.513644
1 -0.266951 -0.495486 -0.178943 -0.451505 -0.162372 -0.649675 -0.327479 -0.319282
1 -1.86633 -0.851942 -1.23334 -0.844357 -1.37336 -1.14736 -1.38058 -0.544798
1 1.02167 -0.938545 0.894239 -0.445391 0.907133 -0.601797 0.95873 -0.588464
1 0.570084 -0.724771 0.894239 -0.445391 0.907133 -0.601797 0.741448 -0.409559
1 -0.378433 -0.807889 -0.266951 -0.495486 -0.162372 -0.649675 -0.445519 -0.548634
0 -0.371606 -0.441623 -0.266951 -0.495486 -0.445519 -0.548634 -0.327479 -0.319282
1 1.63752 -0.554051 1.95672 -0.798204 1.52433 -0.764187 1.81069 -0.3898
1 1.40754 -0.564126 1.63752 -0.554051 1.52433 -0.764187 1.50639 -0.354618
1 1.20519 -0.793281 1.40754 -0.564126 1.52433 -0.764187 1.19456 -0.472999
1 -0.741048 -0.649792 -0.596722 -0.790818 -0.835345 -0.947581 -0.445519 -0.548634
1 -1.16532 -0.883274 -0.741048 -0.649792 -0.835345 -0.947581 -1.04307 -0.570104
1 0.0515961 -0.435177 0.156882 -0.517916 0.00996009 -0.513644 0.117994 -0.37617
0 2.06296 -0.999104 1.95672 -0.798204 1.52433 -0.764187 2.17202 -0.421689
0 0.568009 -0.735807 0.570084 -0.724771 0.907133 -0.601797 0.300739 -0.487754
0 0.162623 -0.582386 0.156882 -0.517916 0.00996009 -0.513644 0.300739 -0.487754
0 0.575342 -0.760399 0.568009 -0.735807 0.210876 -0.809429 0.907133 -0.601797
1 0.227467 -0.640674 0.568009 -0.735807 0.210876 -0.809429 0.300739 -0.487754
1 0.575342 -0.760399 0.902871 -0.93185 0.634077 -1.12343 0.907133 -0.601797
1 0.363806 -1.0455 0.575342 -0.760399 0.634077 -1.12343 0.210876 -0.809429
1 1.23791 -1.06596 2.06296 -0.999104 1.56918 -1.31768 1.52433 -0.764187
1 0.162623 -0.582386 0.227467 -0.640674 0.0831916 -0.729769 0.300739 -0.487754
1 -0.0253554 -0.64608 0.162623 -0.582386 0.0831916 -0.729769 0.00996009 -0.513644
1 0.0785079 -0.879437 0.227467 -0.640674 0.210876 -0.809429 0.0831916 -0.729769
0 1.15461 -0.956098 1.20519 -0.793281 1.52433 -0.764187 0.95873 -0.588464
1 -0.596722 -0.790818 -0.378433 -0.807889 -0.485007 -1.05356 -0.445519 -0.548634
1 -0.729759 -1.23058 -0.596722 -0.790818 -0.485007 -1.05356 -0.835345 -0.947581
1 -0.0821202 -0.820116 -0.0253554 -0.64608 0.0831916 -0.729769 -0.162372 -0.649675
1 -1.23334 -0.844357 -1.16532 -0.883274 -1.37336 -1.14736 -1.04307 -0.570104
1 1.23791 -1.06596 1.15461 -0.956098 0.870022 -1.26029 1.52433 -0.764187
0 1.02167 -0.938545 1.15461 -0.956098 0.870022 -1.26029 0.95873 -0.588464
1 -0.378433 -0.807889 -0.265594 -0.898027 -0.485007 -1.05356 -0.162372 -0.649675
1 -0.997255 -1.33589 -1.16532 -0.883274 -1.37336 -1.14736 -0.835345 -0.947581
0 0.902871 -0.93185 1.02167 -0.938545 0.870022 -1.26029 0.907133 -0.601797
1 0.715704 -1.25452 0.902871 -0.93185 0.870022 -1.26029 0.634077 -1.12343
1 -0.265594 -0.898027 -0.08212 -0.820116 -0.0152126 -0.996223 -0.162372 -0.649675
1 -0.229344 -1.19503 -0.265594 -0.898027 -0.485007 -1.05356 -0.0152126 -0.996223
1 -0.08212 -0.820116 0.078508 -0.879437 -0.0152126 -0.996223 0.0831916 -0.729769
1 1.19348 -1.60717 1.23791 -1.06596 1.56918 -1.31768 0.870022 -1.26029
0 0.505653 -3.2 0.46878 -3.15309 -0.96973 -3.08001 0.737605 -1.73803
0 1.99865 -3.2 1.19348 -1.60717 0.737605 -1.73803 1.56918 -1.31768
1 0.142426 -0.956802 0.078508 -0.879437 -0.0152126 -0.996223 0.210876 -0.809429
1 0.363806 -1.0455 0.715704 -1.25452 0.561539 -1.24555 0.634077 -1.12343
0 0.329626 -1.07299 0.363806 -1.0455 0.561539 -1.24555 0.210876 -0.809429
1 0.296079 -1.18083 0.329626 -1.07299 0.561539 -1.24555 0.0407452 -1.08355
0 0.142427 -0.956802 0.329626 -1.07299 0.0407452 -1.08355 0.210876 -0.809429
1 -0.229344 -1.19503 0.142427 -0.956802 0.0407452 -1.08355 -0.0152126 -0.996223
0 -0.231391 -1.23092 -0.229344 -1.19503 0.0407452 -1.08355 -0.485007 -1.05356
1 0.510987 -1.54134 0.296079 -1.18083 0.226756 -1.44512 0.561539 -1.24555
1 0.0262785 -1.31963 0.296079 -1.18083 0.226756 -1.44512 0.0407452 -1.08355
0 -0.997255 -1.33589 -0.729759 -1.23058 -0.614093 -1.50962 -0.835345 -0.947581
0 -1.02739 -1.39905 -0.997254 -1.33589 -0.614093 -1.50962 -1.37336 -1.14736
1 -0.231391 -1.23092 0.0262785 -1.31963 -0.107638 -1.51458 0.0407452 -1.08355
1 -0.359136 -1.33549 -0.231391 -1.23092 -0.107638 -1.51458 -0.485007 -1.05356
1 -0.729759 -1.23058 -0.359136 -1.33549 -0.614093 -1.50962 -0.485007 -1.05356
0 -0.855454 -1.62695 -1.02739 -1.39905 -1.03453 -1.82683 -0.614093 -1.50962
1 -0.361318 -1.5583 -0.359136 -1.33549 -0.107638 -1.51458 -0.614093 -1.50962
1 0.124378 -1.79192 0.0262785 -1.31963 -0.107638 -1.51458 0.226756 -1.44512
0 0.705321 -1.47186 0.715704 -1.25452 0.870022 -1.26029 0.561539 -1.24555
1 0.705321 -1.47186 1.19348 -1.60717 0.737605 -1.73803 0.870022 -1.26029
1 0.510987 -1.54134 0.705321 -1.47186 0.737605 -1.73803 0.561539 -1.24555
1 0.278095 -1.94752 0.510987 -1.54134 0.737605 -1.73803 0.226756 -1.44512
1 -0.330636 -1.65135 -0.361318 -1.5583 -0.591252 -1.67403 -0.107638 -1.51458
1 -0.855454 -1.62695 -0.361318 -1.5583 -0.591252 -1.67403 -0.614093 -1.50962
1 -0.772498 -1.86761 -0.855455 -1.62695 -1.03453 -1.82683 -0.591252 -1.67403
1 -0.330636 -1.65135 0.124378 -1.79192 -0.223635 -1.89007 -0.107638 -1.51458
1 -0.459188 -1.8701 -0.330636 -1.65135 -0.223635 -1.89007 -0.591252 -1.67403
0 0.278095 -1.94752 0.124378 -1.79192 -0.223635 -1.89007 0.226756 -1.44512
0 0.46878 -3.15309 0.278095 -1.94752 -0.223635 -1.89007 0.737605 -1.73803
1 -0.772499 -1.86761 -0.459187 -1.8701 -0.594356 -2.06404 -0.591252 -1.67403
1 -1.09067 -2.458 -0.772499 -1.86761 -0.594356 -2.06404 -1.03453 -1.82683
1 0.007025 -2.86357 -0.459187 -1.8701 -0.594356 -2.06404 -0.223635 -1.89007
0 0.00702496 -2.86357 0.46878 -3.15309 -0.96973 -3.08001 -0.223635 -1.89007
1 -1.09067 -2.458 0.00702496 -2.86357 -0.96973 -3.08001 -0.594356 -2.06404
