0 -70 -100 -70 -90.9643 -80 -90.4762 -60 -90.4762
0 -50 -100 -50 -90.9643 -60 -90.4762 -40 -90.4762
0 -30 -100 -30 -90.9643 -40 -90.4762 -20 -90.4762
0 -10 -100 -10 -90.9643 -20 -90.4762 0 -90.4762
0 10 -100 10 -90.9643 0 -90.4762 20 -90.4762
0 30 -100 30 -90.9643 20 -90.4762 40 -90.4762
0 50 -100 50 -90.9643 40 -90.4762 60 -90.4762
0 70 -100 70 -90.9643 60 -90.4762 80 -90.4762
1 98.6054 -100 80.4649 -80.9524 80 -90.4762 90 -80.9524
1 89.5351 -71.4286 100 -71.4286 90 -80.9524 90 -61.9048
1 89.5352 -52.381 100 -52.381 90 -61.9048 90 -42.8571
1 89.5351 -33.3333 100 -33.3333 90 -42.8571 90 -23.8095
1 89.5352 -14.2857 100 -14.2857 90 -23.8095 90 -4.7619
1 89.5351 4.7619 100 4.7619 90 -4.7619 90 14.2857
1 89.5351 23.8095 100 23.8095 90 14.2857 90 33.3333
1 89.5351 42.8571 100 42.8571 90 33.3333 90 52.381
1 89.5351 61.9048 100 61.9048 90 52.381 90 71.4286
1 89.5351 80.9524 100 80.9524 90 71.4286 90 90.4762
0 80 90.9643 80 100 70 90.4762 90 90.4762
0 60 90.9643 60 100 50 90.4762 70 90.4762
0 40 90.9643 40 100 30 90.4762 50 90.4762
0 20 90.9643 20 100 10 90.4762 30 90.4762
0 0 90.9643 0 100 -10 90.4762 10 90.4762
0 -20 90.9643 -20 100 -30 90.4762 -10 90.4762
0 -40 90.9643 -40 100 -50 90.4762 -30 90.4762
0 -60 90.9643 -60 100 -70 90.4762 -50 90.4762
0 -80 90.9643 -80 100 -90 90.4762 -70 90.4762
1 -100 80.9524 -89.5351 80.9524 -90 71.4286 -90 90.4762
1 -100 61.9048 -89.5351 61.9048 -90 52.381 -90 71.4286
1 -100 42.8571 -89.5351 42.8571 -90 33.3333 -90 52.381
1 -100 23.8095 -89.5351 23.8095 -90 14.2857 -90 33.3333
1 -100 4.7619 -89.5351 4.7619 -90 -4.7619 -90 14.2857
1 -100 -14.2857 -89.5352 -14.2857 -90 -23.8095 -90 -4.7619
1 -100 -33.3333 -89.5351 -33.3333 -90 -42.8571 -90 -23.8095
1 -100 -52.381 -89.5352 -52.381 -90 -61.9048 -90 -42.8571
1 -100 -71.4286 -89.5351 -71.4286 -90 -80.9524 -90 -61.9048
1 -98.6054 -100 -80.4649 -80.9524 -80 -90.4762 -90 -80.9524
1 29.5351 80.9524 20 90.9643 20 80.9524 30 90.4762
1 10.4649 80.9524 20 90.9643 20 80.9524 10 90.4762
1 9.53515 80.9524 0 90.9643 0 80.9524 10 90.4762
1 -9.53515 80.9524 0 90.9643 0 80.9524 -10 90.4762
1 -10.4649 80.9524 -20 90.9643 -20 80.9524 -10 90.4762
1 -29.5351 80.9524 -20 90.9643 -20 80.9524 -30 90.4762
1 89.5351 80.9524 80 90.9643 80 80.9524 90 90.4762
1 70.4649 80.9524 80 90.9643 80 80.9524 70 90.4762
1 69.5351 80.9524 60 90.9643 60 80.9524 70 90.4762
1 50.4649 80.9524 60 90.9643 60 80.9524 50 90.4762
1 49.5351 80.9524 40 90.9643 40 80.9524 50 90.4762
1 30.4649 80.9524 40 90.9643 40 80.9524 30 90.4762
1 -30.4649 80.9524 -40 90.9643 -40 80.9524 -30 90.4762
1 -49.5351 80.9524 -40 90.9643 -40 80.9524 -50 90.4762
1 -50.4649 80.9524 -60 90.9643 -60 80.9524 -50 90.4762
1 -69.5351 80.9524 -60 90.9643 -60 80.9524 -70 90.4762
1 -70.4649 80.9524 -80 90.9643 -80 80.9524 -70 90.4762
1 -89.5351 80.9524 -80 90.9643 -80 80.9524 -90 90.4762
1 80.4649 71.4286 89.5351 80.9524 90 71.4286 80 80.9524
1 79.5351 71.4286 70.4649 80.9524 70 71.4286 80 80.9524
1 69.5351 80.9524 70.4649 80.9524 70 71.4286 70 90.4762
1 60.4649 71.4286 69.5351 80.9524 70 71.4286 60 80.9524
1 59.5351 71.4286 50.4649 80.9524 50 71.4286 60 80.9524
1 49.5351 80.9524 50.4649 80.9524 50 71.4286 50 90.4762
1 40.4649 71.4286 49.5351 80.9524 50 71.4286 40 80.9524
1 39.5351 71.4286 30.4649 80.9524 30 71.4286 40 80.9524
1 29.5351 80.9524 30.4649 80.9524 30 71.4286 30 90.4762
1 20.4649 71.4286 29.5351 80.9524 30 71.4286 20 80.9524
1 19.5351 71.4286 10.4649 80.9524 10 71.4286 20 80.9524
1 9.53514 80.9524 10.4649 80.9524 10 71.4286 10 90.4762
1 0.464851 71.4286 9.53514 80.9524 10 71.4286 0 80.9524
1 -0.464851 71.4286 -9.53514 80.9524 -10 71.4286 0 80.9524
1 -10.4649 80.9524 -9.53514 80.9524 -10 71.4286 -10 90.4762
1 -19.5351 71.4286 -10.4649 80.9524 -10 71.4286 -20 80.9524
1 -20.4649 71.4286 -29.5351 80.9524 -30 71.4286 -20 80.9524
1 -30.4649 80.9524 -29.5351 80.9524 -30 71.4286 -30 90.4762
1 -39.5351 71.4286 -30.4649 80.9524 -30 71.4286 -40 80.9524
1 -40.4649 71.4286 -49.5351 80.9524 -50 71.4286 -40 80.9524
1 -50.4649 80.9524 -49.5351 80.9524 -50 71.4286 -50 90.4762
1 -59.5351 71.4286 -50.4649 80.9524 -50 71.4286 -60 80.9524
1 -60.4649 71.4286 -69.5351 80.9524 -70 71.4286 -60 80.9524
1 -70.4649 80.9524 -69.5351 80.9524 -70 71.4286 -70 90.4762
1 -79.5351 71.4286 -70.4649 80.9524 -70 71.4286 -80 80.9524
1 -80.4649 71.4286 -89.5351 80.9524 -90 71.4286 -80 80.9524
1 89.5352 61.9048 80.4649 71.4286 80 61.9048 90 71.4286
1 79.5352 71.4286 80.4649 71.4286 80 61.9048 80 80.9524
1 70.4649 61.9048 79.5352 71.4286 80 61.9048 70 71.4286
1 69.5352 61.9048 60.4649 71.4286 60 61.9048 70 71.4286
1 59.5352 71.4286 60.4649 71.4286 60 61.9048 60 80.9524
1 50.4649 61.9048 59.5352 71.4286 60 61.9048 50 71.4286
1 49.5352 61.9048 40.4649 71.4286 40 61.9048 50 71.4286
1 39.5352 71.4286 40.4649 71.4286 40 61.9048 40 80.9524
1 30.4649 61.9048 39.5352 71.4286 40 61.9048 30 71.4286
1 29.5352 61.9048 20.4649 71.4286 20 61.9048 30 71.4286
1 19.5352 71.4286 20.4649 71.4286 20 61.9048 20 80.9524
1 10.4649 61.9048 19.5352 71.4286 20 61.9048 10 71.4286
1 9.53515 61.9048 0.464851 71.4286 0 61.9048 10 71.4286
1 -0.464851 71.4286 0.464851 71.4286 0 61.9048 0 80.9524
1 -9.53515 61.9048 -0.464851 71.4286 0 61.9048 -10 71.4286
1 -10.4649 61.9048 -19.5352 71.4286 -20 61.9048 -10 71.4286
1 -20.4649 71.4286 -19.5352 71.4286 -20 61.9048 -20 80.9524
1 -29.5352 61.9048 -20.4649 71.4286 -20 61.9048 -30 71.4286
1 -30.4649 61.9048 -39.5352 71.4286 -40 61.9048 -30 71.4286
1 -40.4649 71.4286 -39.5352 71.4286 -40 61.9048 -40 80.9524
1 -49.5352 61.9048 -40.4649 71.4286 -40 61.9048 -50 71.4286
1 -50.4649 61.9048 -59.5352 71.4286 -60 61.9048 -50 71.4286
1 -60.4649 71.4286 -59.5352 71.4286 -60 61.9048 -60 80.9524
1 -69.5352 61.9048 -60.4649 71.4286 -60 61.9048 -70 71.4286
1 -70.4649 61.9048 -79.5352 71.4286 -80 61.9048 -70 71.4286
1 -80.4649 71.4286 -79.5352 71.4286 -80 61.9048 -80 80.9524
1 -89.5352 61.9048 -80.4649 71.4286 -80 61.9048 -90 71.4286
1 80.4649 52.381 89.5351 61.9048 90 52.381 80 61.9048
1 79.5352 52.381 70.4649 61.9048 70 52.381 80 61.9048
1 69.5351 61.9048 70.4649 61.9048 70 52.381 70 71.4286
1 60.4649 52.381 69.5351 61.9048 70 52.381 60 61.9048
1 59.5351 52.381 50.4648 61.9048 50 52.381 60 61.9048
1 49.5351 61.9048 50.4648 61.9048 50 52.381 50 71.4286
1 40.4649 52.381 49.5351 61.9048 50 52.381 40 61.9048
1 39.5352 52.381 30.4649 61.9048 30 52.381 40 61.9048
1 29.5352 61.9048 30.4649 61.9048 30 52.381 30 71.4286
1 20.4649 52.381 29.5352 61.9048 30 52.381 20 61.9048
1 19.5352 52.381 10.4649 61.9048 10 52.381 20 61.9048
1 9.53515 61.9048 10.4649 61.9048 10 52.381 10 71.4286
1 0.464855 52.381 9.53515 61.9048 10 52.381 0 61.9048
1 -0.464855 52.381 -9.53515 61.9048 -10 52.381 0 61.9048
1 -10.4649 61.9048 -9.53515 61.9048 -10 52.381 -10 71.4286
1 -19.5352 52.381 -10.4649 61.9048 -10 52.381 -20 61.9048
1 -20.4649 52.381 -29.5352 61.9048 -30 52.381 -20 61.9048
1 -30.4649 61.9048 -29.5352 61.9048 -30 52.381 -30 71.4286
1 -39.5352 52.381 -30.4649 61.9048 -30 52.381 -40 61.9048
1 -40.4649 52.381 -49.5351 61.9048 -50 52.381 -40 61.9048
1 -50.4648 61.9048 -49.5351 61.9048 -50 52.381 -50 71.4286
1 -59.5351 52.381 -50.4648 61.9048 -50 52.381 -60 61.9048
1 -60.4649 52.381 -69.5351 61.9048 -70 52.381 -60 61.9048
1 -70.4649 61.9048 -69.5351 61.9048 -70 52.381 -70 71.4286
1 -79.5352 52.381 -70.4649 61.9048 -70 52.381 -80 61.9048
1 -80.4649 52.381 -89.5351 61.9048 -90 52.381 -80 61.9048
1 89.5352 42.8571 80.4649 52.381 80 42.8571 90 52.381
1 79.5351 52.381 80.4649 52.381 80 42.8571 80 61.9048
1 70.4649 42.8571 79.5351 52.381 80 42.8571 70 52.381
1 69.5351 42.8571 60.4649 52.381 60 42.8571 70 52.381
1 59.5351 52.381 60.4649 52.381 60 42.8571 60 61.9048
1 50.4649 42.8571 59.5351 52.381 60 42.8571 50 52.381
1 49.5351 42.8571 40.4649 52.381 40 42.8571 50 52.381
1 39.5351 52.381 40.4649 52.381 40 42.8571 40 61.9048
1 30.4649 42.8571 39.5351 52.381 40 42.8571 30 52.381
1 29.5351 42.8571 20.4649 52.381 20 42.8571 30 52.381
1 19.5351 52.381 20.4649 52.381 20 42.8571 20 61.9048
1 10.4648 42.8571 19.5351 52.381 20 42.8571 10 52.381
1 9.53515 42.8571 0.464851 52.381 0 42.8571 10 52.381
1 -0.464851 52.381 0.464851 52.381 0 42.8571 0 61.9048
1 -9.53515 42.8571 -0.464851 52.381 0 42.8571 -10 52.381
1 -10.4648 42.8571 -19.5351 52.381 -20 42.8571 -10 52.381
1 -20.4649 52.381 -19.5351 52.381 -20 42.8571 -20 61.9048
1 -29.5351 42.8571 -20.4649 52.381 -20 42.8571 -30 52.381
1 -30.4649 42.8571 -39.5351 52.381 -40 42.8571 -30 52.381
1 -40.4649 52.381 -39.5351 52.381 -40 42.8571 -40 61.9048
1 -49.5351 42.8571 -40.4649 52.381 -40 42.8571 -50 52.381
1 -50.4649 42.8571 -59.5351 52.381 -60 42.8571 -50 52.381
1 -60.4649 52.381 -59.5351 52.381 -60 42.8571 -60 61.9048
1 -69.5351 42.8571 -60.4649 52.381 -60 42.8571 -70 52.381
1 -70.4649 42.8571 -79.5351 52.381 -80 42.8571 -70 52.381
1 -80.4649 52.381 -79.5351 52.381 -80 42.8571 -80 61.9048
1 -89.5352 42.8571 -80.4649 52.381 -80 42.8571 -90 52.381
1 80.4649 33.3333 89.5351 42.8571 90 33.3333 80 42.8571
1 79.5351 33.3333 70.4648 42.8571 70 33.3333 80 42.8571
1 69.5351 42.8571 70.4648 42.8571 70 33.3333 70 52.381
1 60.4649 33.3333 69.5351 42.8571 70 33.3333 60 42.8571
1 59.5351 33.3333 50.4649 42.8571 50 33.3333 60 42.8571
1 49.5351 42.8571 50.4649 42.8571 50 33.3333 50 52.381
1 40.4649 33.3333 49.5351 42.8571 50 33.3333 40 42.8571
1 39.5351 33.3333 30.4649 42.8571 30 33.3333 40 42.8571
1 29.5351 42.8571 30.4649 42.8571 30 33.3333 30 52.381
1 20.4649 33.3333 29.5351 42.8571 30 33.3333 20 42.8571
1 19.5351 33.3333 10.4649 42.8571 10 33.3333 20 42.8571
1 9.53515 42.8571 10.4649 42.8571 10 33.3333 10 52.381
1 0.464857 33.3333 9.53515 42.8571 10 33.3333 0 42.8571
1 -0.464857 33.3333 -9.53515 42.8571 -10 33.3333 0 42.8571
1 -10.4649 42.8571 -9.53515 42.8571 -10 33.3333 -10 52.381
1 -19.5351 33.3333 -10.4649 42.8571 -10 33.3333 -20 42.8571
1 -20.4649 33.3333 -29.5351 42.8571 -30 33.3333 -20 42.8571
1 -30.4649 42.8571 -29.5351 42.8571 -30 33.3333 -30 52.381
1 -39.5351 33.3333 -30.4649 42.8571 -30 33.3333 -40 42.8571
1 -40.4649 33.3333 -49.5351 42.8571 -50 33.3333 -40 42.8571
1 -50.4649 42.8571 -49.5351 42.8571 -50 33.3333 -50 52.381
1 -59.5351 33.3333 -50.4649 42.8571 -50 33.3333 -60 42.8571
1 -60.4649 33.3333 -69.5351 42.8571 -70 33.3333 -60 42.8571
1 -70.4648 42.8571 -69.5351 42.8571 -70 33.3333 -70 52.381
1 -79.5351 33.3333 -70.4648 42.8571 -70 33.3333 -80 42.8571
1 -80.4649 33.3333 -89.5351 42.8571 -90 33.3333 -80 42.8571
1 89.5351 23.8095 80.4648 33.3333 80 23.8095 90 33.3333
1 79.5352 33.3333 80.4648 33.3333 80 23.8095 80 42.8571
1 70.4649 23.8095 79.5352 33.3333 80 23.8095 70 33.3333
1 69.5351 23.8095 60.4648 33.3333 60 23.8095 70 33.3333
1 59.5352 33.3333 60.4648 33.3333 60 23.8095 60 42.8571
1 50.4649 23.8095 59.5352 33.3333 60 23.8095 50 33.3333
1 49.5351 23.8095 40.4648 33.3333 40 23.8095 50 33.3333
1 39.5352 33.3333 40.4648 33.3333 40 23.8095 40 42.8571
1 30.4649 23.8095 39.5352 33.3333 40 23.8095 30 33.3333
1 29.5351 23.8095 20.4648 33.3333 20 23.8095 30 33.3333
1 19.5352 33.3333 20.4648 33.3333 20 23.8095 20 42.8571
1 10.4649 23.8095 19.5352 33.3333 20 23.8095 10 33.3333
1 9.53514 23.8095 0.464848 33.3333 0 23.8095 10 33.3333
1 -0.464848 33.3333 0.464848 33.3333 0 23.8095 0 42.8571
1 -9.53514 23.8095 -0.464848 33.3333 0 23.8095 -10 33.3333
1 -10.4649 23.8095 -19.5352 33.3333 -20 23.8095 -10 33.3333
1 -20.4648 33.3333 -19.5352 33.3333 -20 23.8095 -20 42.8571
1 -29.5351 23.8095 -20.4648 33.3333 -20 23.8095 -30 33.3333
1 -30.4649 23.8095 -39.5352 33.3333 -40 23.8095 -30 33.3333
1 -40.4648 33.3333 -39.5352 33.3333 -40 23.8095 -40 42.8571
1 -49.5351 23.8095 -40.4648 33.3333 -40 23.8095 -50 33.3333
1 -50.4649 23.8095 -59.5352 33.3333 -60 23.8095 -50 33.3333
1 -60.4648 33.3333 -59.5352 33.3333 -60 23.8095 -60 42.8571
1 -69.5351 23.8095 -60.4648 33.3333 -60 23.8095 -70 33.3333
1 -70.4649 23.8095 -79.5352 33.3333 -80 23.8095 -70 33.3333
1 -80.4648 33.3333 -79.5352 33.3333 -80 23.8095 -80 42.8571
1 -89.5351 23.8095 -80.4648 33.3333 -80 23.8095 -90 33.3333
1 80.4649 14.2857 89.5351 23.8095 90 14.2857 80 23.8095
1 79.5351 14.2857 70.4649 23.8095 70 14.2857 80 23.8095
1 69.5351 23.8095 70.4649 23.8095 70 14.2857 70 33.3333
1 60.4649 14.2857 69.5351 23.8095 70 14.2857 60 23.8095
1 59.5351 14.2857 50.4649 23.8095 50 14.2857 60 23.8095
1 49.5351 23.8095 50.4649 23.8095 50 14.2857 50 33.3333
1 40.4649 14.2857 49.5351 23.8095 50 14.2857 40 23.8095
1 39.5351 14.2857 30.4649 23.8095 30 14.2857 40 23.8095
1 29.5351 23.8095 30.4649 23.8095 30 14.2857 30 33.3333
1 20.4649 14.2857 29.5351 23.8095 30 14.2857 20 23.8095
1 19.5351 14.2857 10.4649 23.8095 10 14.2857 20 23.8095
1 9.53515 23.8095 10.4649 23.8095 10 14.2857 10 33.3333
1 0.464852 14.2857 9.53515 23.8095 10 14.2857 0 23.8095
1 -0.464852 14.2857 -9.53515 23.8095 -10 14.2857 0 23.8095
1 -10.4649 23.8095 -9.53515 23.8095 -10 14.2857 -10 33.3333
1 -19.5351 14.2857 -10.4649 23.8095 -10 14.2857 -20 23.8095
1 -20.4649 14.2857 -29.5351 23.8095 -30 14.2857 -20 23.8095
1 -30.4649 23.8095 -29.5351 23.8095 -30 14.2857 -30 33.3333
1 -39.5351 14.2857 -30.4649 23.8095 -30 14.2857 -40 23.8095
1 -40.4649 14.2857 -49.5351 23.8095 -50 14.2857 -40 23.8095
1 -50.4649 23.8095 -49.5351 23.8095 -50 14.2857 -50 33.3333
1 -59.5351 14.2857 -50.4649 23.8095 -50 14.2857 -60 23.8095
1 -60.4649 14.2857 -69.5351 23.8095 -70 14.2857 -60 23.8095
1 -70.4649 23.8095 -69.5351 23.8095 -70 14.2857 -70 33.3333
1 -79.5351 14.2857 -70.4649 23.8095 -70 14.2857 -80 23.8095
1 -80.4649 14.2857 -89.5351 23.8095 -90 14.2857 -80 23.8095
1 89.5351 4.7619 80.4649 14.2857 80 4.7619 90 14.2857
1 79.5351 14.2857 80.4649 14.2857 80 4.7619 80 23.8095
1 70.4649 4.7619 79.5351 14.2857 80 4.7619 70 14.2857
1 69.5351 4.7619 60.4649 14.2857 60 4.7619 70 14.2857
1 59.5351 14.2857 60.4649 14.2857 60 4.7619 60 23.8095
1 50.4649 4.7619 59.5351 14.2857 60 4.7619 50 14.2857
1 49.5351 4.7619 40.4649 14.2857 40 4.7619 50 14.2857
1 39.5351 14.2857 40.4649 14.2857 40 4.7619 40 23.8095
1 30.4649 4.7619 39.5351 14.2857 40 4.7619 30 14.2857
1 29.5351 4.7619 20.4649 14.2857 20 4.7619 30 14.2857
1 19.5351 14.2857 20.4649 14.2857 20 4.7619 20 23.8095
1 10.4649 4.7619 19.5351 14.2857 20 4.7619 10 14.2857
1 9.53515 4.7619 0.464851 14.2857 0 4.7619 10 14.2857
1 -0.464851 14.2857 0.464851 14.2857 0 4.7619 0 23.8095
1 -9.53515 4.7619 -0.464851 14.2857 0 4.7619 -10 14.2857
1 -10.4649 4.7619 -19.5351 14.2857 -20 4.7619 -10 14.2857
1 -20.4649 14.2857 -19.5351 14.2857 -20 4.7619 -20 23.8095
1 -29.5351 4.7619 -20.4649 14.2857 -20 4.7619 -30 14.2857
1 -30.4649 4.7619 -39.5351 14.2857 -40 4.7619 -30 14.2857
1 -40.4649 14.2857 -39.5351 14.2857 -40 4.7619 -40 23.8095
1 -49.5351 4.7619 -40.4649 14.2857 -40 4.7619 -50 14.2857
1 -50.4649 4.7619 -59.5351 14.2857 -60 4.7619 -50 14.2857
1 -60.4649 14.2857 -59.5351 14.2857 -60 4.7619 -60 23.8095
1 -69.5351 4.7619 -60.4649 14.2857 -60 4.7619 -70 14.2857
1 -70.4649 4.7619 -79.5351 14.2857 -80 4.7619 -70 14.2857
1 -80.4649 14.2857 -79.5351 14.2857 -80 4.7619 -80 23.8095
1 -89.5351 4.7619 -80.4649 14.2857 -80 4.7619 -90 14.2857
1 80.4649 -4.7619 89.5351 4.7619 90 -4.7619 80 4.7619
1 79.5351 -4.7619 70.4649 4.7619 70 -4.7619 80 4.7619
1 69.5351 4.7619 70.4649 4.7619 70 -4.7619 70 14.2857
1 60.4649 -4.7619 69.5351 4.7619 70 -4.7619 60 4.7619
1 59.5351 -4.7619 50.4649 4.7619 50 -4.7619 60 4.7619
1 49.5352 4.7619 50.4649 4.7619 50 -4.7619 50 14.2857
1 39.5351 -4.7619 30.4649 4.7619 30 -4.7619 40 4.7619
1 29.5351 4.7619 30.4649 4.7619 30 -4.7619 30 14.2857
1 20.4649 -4.7619 29.5351 4.7619 30 -4.7619 20 4.7619
1 19.5351 -4.7619 10.4649 4.7619 10 -4.7619 20 4.7619
1 9.53515 4.7619 10.4649 4.7619 10 -4.7619 10 14.2857
1 0.464854 -4.7619 9.53515 4.7619 10 -4.7619 0 4.7619
1 -0.464854 -4.7619 -9.53515 4.7619 -10 -4.7619 0 4.7619
1 -10.4649 4.7619 -9.53515 4.7619 -10 -4.7619 -10 14.2857
1 -19.5351 -4.7619 -10.4649 4.7619 -10 -4.7619 -20 4.7619
1 -20.4649 -4.7619 -29.5351 4.7619 -30 -4.7619 -20 4.7619
1 -30.4649 4.7619 -29.5351 4.7619 -30 -4.7619 -30 14.2857
1 -39.5351 -4.7619 -30.4649 4.7619 -30 -4.7619 -40 4.7619
1 -50.4649 4.7619 -49.5352 4.7619 -50 -4.7619 -50 14.2857
1 -59.5351 -4.7619 -50.4649 4.7619 -50 -4.7619 -60 4.7619
1 -60.4649 -4.7619 -69.5351 4.7619 -70 -4.7619 -60 4.7619
1 -70.4649 4.7619 -69.5351 4.7619 -70 -4.7619 -70 14.2857
1 -79.5351 -4.7619 -70.4649 4.7619 -70 -4.7619 -80 4.7619
1 -80.4649 -4.7619 -89.5351 4.7619 -90 -4.7619 -80 4.7619
1 40.4649 -4.7619 49.5352 4.7619 50 -4.7619 40 4.7619
1 -40.4649 -4.7619 -49.5352 4.7619 -50 -4.7619 -40 4.7619
1 89.5351 -14.2857 80.4649 -4.7619 80 -14.2857 90 -4.7619
1 79.5351 -4.7619 80.4649 -4.7619 80 -14.2857 80 4.7619
1 70.4649 -14.2857 79.5351 -4.7619 80 -14.2857 70 -4.7619
1 69.5351 -14.2857 60.4649 -4.7619 60 -14.2857 70 -4.7619
1 59.5352 -4.7619 60.4649 -4.7619 60 -14.2857 60 4.7619
1 49.5351 -14.2857 40.4649 -4.7619 40 -14.2857 50 -4.7619
1 39.5352 -4.7619 40.4649 -4.7619 40 -14.2857 40 4.7619
1 29.5351 -14.2857 20.4649 -4.7619 20 -14.2857 30 -4.7619
1 19.5351 -4.7619 20.4649 -4.7619 20 -14.2857 20 4.7619
1 10.4649 -14.2857 19.5351 -4.7619 20 -14.2857 10 -4.7619
1 9.53515 -14.2857 0.464852 -4.7619 0 -14.2857 10 -4.7619
1 -0.464852 -4.7619 0.464852 -4.7619 0 -14.2857 0 4.7619
1 -9.53515 -14.2857 -0.464852 -4.7619 0 -14.2857 -10 -4.7619
1 -10.4649 -14.2857 -19.5351 -4.7619 -20 -14.2857 -10 -4.7619
1 -20.4649 -4.7619 -19.5351 -4.7619 -20 -14.2857 -20 4.7619
1 -29.5351 -14.2857 -20.4649 -4.7619 -20 -14.2857 -30 -4.7619
1 -40.4649 -4.7619 -39.5352 -4.7619 -40 -14.2857 -40 4.7619
1 -49.5351 -14.2857 -40.4649 -4.7619 -40 -14.2857 -50 -4.7619
1 -60.4649 -4.7619 -59.5352 -4.7619 -60 -14.2857 -60 4.7619
1 -69.5351 -14.2857 -60.4649 -4.7619 -60 -14.2857 -70 -4.7619
1 -70.4649 -14.2857 -79.5351 -4.7619 -80 -14.2857 -70 -4.7619
1 -80.4649 -4.7619 -79.5351 -4.7619 -80 -14.2857 -80 4.7619
1 -89.5351 -14.2857 -80.4649 -4.7619 -80 -14.2857 -90 -4.7619
1 50.4649 -14.2857 59.5352 -4.7619 60 -14.2857 50 -4.7619
1 30.4649 -14.2857 39.5352 -4.7619 40 -14.2857 30 -4.7619
1 -30.4649 -14.2857 -39.5352 -4.7619 -40 -14.2857 -30 -4.7619
1 -50.4649 -14.2857 -59.5352 -4.7619 -60 -14.2857 -50 -4.7619
1 79.5351 -23.8095 70.4649 -14.2857 70 -23.8095 80 -14.2857
1 69.5351 -14.2857 70.4649 -14.2857 70 -23.8095 70 -4.7619
1 60.4649 -23.8095 69.5351 -14.2857 70 -23.8095 60 -14.2857
1 59.5351 -23.8095 50.4649 -14.2857 50 -23.8095 60 -14.2857
1 49.5351 -14.2857 50.4649 -14.2857 50 -23.8095 50 -4.7619
1 40.4649 -23.8095 49.5351 -14.2857 50 -23.8095 40 -14.2857
1 39.5351 -23.8095 30.4649 -14.2857 30 -23.8095 40 -14.2857
1 29.5351 -14.2857 30.4649 -14.2857 30 -23.8095 30 -4.7619
1 20.4648 -23.8095 29.5351 -14.2857 30 -23.8095 20 -14.2857
1 19.5351 -23.8095 10.4649 -14.2857 10 -23.8095 20 -14.2857
1 9.53515 -14.2857 10.4649 -14.2857 10 -23.8095 10 -4.7619
1 0.464853 -23.8095 9.53515 -14.2857 10 -23.8095 0 -14.2857
1 -0.464853 -23.8095 -9.53515 -14.2857 -10 -23.8095 0 -14.2857
1 -10.4649 -14.2857 -9.53515 -14.2857 -10 -23.8095 -10 -4.7619
1 -19.5351 -23.8095 -10.4649 -14.2857 -10 -23.8095 -20 -14.2857
1 -20.4648 -23.8095 -29.5351 -14.2857 -30 -23.8095 -20 -14.2857
1 -30.4649 -14.2857 -29.5351 -14.2857 -30 -23.8095 -30 -4.7619
1 -39.5351 -23.8095 -30.4649 -14.2857 -30 -23.8095 -40 -14.2857
1 -40.4649 -23.8095 -49.5351 -14.2857 -50 -23.8095 -40 -14.2857
1 -50.4649 -14.2857 -49.5351 -14.2857 -50 -23.8095 -50 -4.7619
1 -59.5351 -23.8095 -50.4649 -14.2857 -50 -23.8095 -60 -14.2857
1 -60.4649 -23.8095 -69.5351 -14.2857 -70 -23.8095 -60 -14.2857
1 -70.4649 -14.2857 -69.5351 -14.2857 -70 -23.8095 -70 -4.7619
1 -79.5351 -23.8095 -70.4649 -14.2857 -70 -23.8095 -80 -14.2857
1 80.4649 -23.8095 89.5352 -14.2857 90 -23.8095 80 -14.2857
1 -80.4649 -23.8095 -89.5352 -14.2857 -90 -23.8095 -80 -14.2857
1 89.5352 -33.3333 80.4649 -23.8095 80 -33.3333 90 -23.8095
1 79.5351 -23.8095 80.4649 -23.8095 80 -33.3333 80 -14.2857
1 70.4648 -33.3333 79.5351 -23.8095 80 -33.3333 70 -23.8095
1 69.5352 -33.3333 60.4649 -23.8095 60 -33.3333 70 -23.8095
1 59.5351 -23.8095 60.4649 -23.8095 60 -33.3333 60 -14.2857
1 50.4648 -33.3333 59.5351 -23.8095 60 -33.3333 50 -23.8095
1 49.5351 -33.3333 40.4649 -23.8095 40 -33.3333 50 -23.8095
1 39.5351 -23.8095 40.4649 -23.8095 40 -33.3333 40 -14.2857
1 30.4648 -33.3333 39.5351 -23.8095 40 -33.3333 30 -23.8095
1 29.5352 -33.3333 20.4649 -23.8095 20 -33.3333 30 -23.8095
1 19.5351 -23.8095 20.4649 -23.8095 20 -33.3333 20 -14.2857
1 10.4648 -33.3333 19.5351 -23.8095 20 -33.3333 10 -23.8095
1 9.53515 -33.3333 0.464853 -23.8095 0 -33.3333 10 -23.8095
1 -0.464853 -23.8095 0.464853 -23.8095 0 -33.3333 0 -14.2857
1 -9.53515 -33.3333 -0.464853 -23.8095 0 -33.3333 -10 -23.8095
1 -10.4648 -33.3333 -19.5351 -23.8095 -20 -33.3333 -10 -23.8095
1 -20.4649 -23.8095 -19.5351 -23.8095 -20 -33.3333 -20 -14.2857
1 -29.5352 -33.3333 -20.4649 -23.8095 -20 -33.3333 -30 -23.8095
1 -30.4648 -33.3333 -39.5351 -23.8095 -40 -33.3333 -30 -23.8095
1 -40.4649 -23.8095 -39.5351 -23.8095 -40 -33.3333 -40 -14.2857
1 -49.5351 -33.3333 -40.4649 -23.8095 -40 -33.3333 -50 -23.8095
1 -50.4648 -33.3333 -59.5351 -23.8095 -60 -33.3333 -50 -23.8095
1 -60.4649 -23.8095 -59.5351 -23.8095 -60 -33.3333 -60 -14.2857
1 -69.5352 -33.3333 -60.4649 -23.8095 -60 -33.3333 -70 -23.8095
1 -70.4648 -33.3333 -79.5351 -23.8095 -80 -33.3333 -70 -23.8095
1 -80.4649 -23.8095 -79.5351 -23.8095 -80 -33.3333 -80 -14.2857
1 -89.5352 -33.3333 -80.4649 -23.8095 -80 -33.3333 -90 -23.8095
1 80.4649 -42.8571 89.5351 -33.3333 90 -42.8571 80 -33.3333
1 79.5351 -42.8571 70.4649 -33.3333 70 -42.8571 80 -33.3333
1 69.5351 -33.3333 70.4649 -33.3333 70 -42.8571 70 -23.8095
1 60.4649 -42.8571 69.5351 -33.3333 70 -42.8571 60 -33.3333
1 59.5351 -42.8571 50.4649 -33.3333 50 -42.8571 60 -33.3333
1 49.5351 -33.3333 50.4649 -33.3333 50 -42.8571 50 -23.8095
1 40.4649 -42.8571 49.5351 -33.3333 50 -42.8571 40 -33.3333
1 39.5351 -42.8571 30.4649 -33.3333 30 -42.8571 40 -33.3333
1 29.5351 -33.3333 30.4649 -33.3333 30 -42.8571 30 -23.8095
1 20.4649 -42.8571 29.5351 -33.3333 30 -42.8571 20 -33.3333
1 19.5351 -42.8571 10.4649 -33.3333 10 -42.8571 20 -33.3333
1 9.53515 -33.3333 10.4649 -33.3333 10 -42.8571 10 -23.8095
1 0.464859 -42.8571 9.53515 -33.3333 10 -42.8571 0 -33.3333
1 -0.464859 -42.8571 -9.53515 -33.3333 -10 -42.8571 0 -33.3333
1 -10.4649 -33.3333 -9.53515 -33.3333 -10 -42.8571 -10 -23.8095
1 -19.5351 -42.8571 -10.4649 -33.3333 -10 -42.8571 -20 -33.3333
1 -20.4649 -42.8571 -29.5351 -33.3333 -30 -42.8571 -20 -33.3333
1 -30.4649 -33.3333 -29.5351 -33.3333 -30 -42.8571 -30 -23.8095
1 -39.5351 -42.8571 -30.4649 -33.3333 -30 -42.8571 -40 -33.3333
1 -40.4649 -42.8571 -49.5351 -33.3333 -50 -42.8571 -40 -33.3333
1 -50.4649 -33.3333 -49.5351 -33.3333 -50 -42.8571 -50 -23.8095
1 -59.5351 -42.8571 -50.4649 -33.3333 -50 -42.8571 -60 -33.3333
1 -60.4649 -42.8571 -69.5351 -33.3333 -70 -42.8571 -60 -33.3333
1 -70.4649 -33.3333 -69.5351 -33.3333 -70 -42.8571 -70 -23.8095
1 -79.5351 -42.8571 -70.4649 -33.3333 -70 -42.8571 -80 -33.3333
1 -80.4649 -42.8571 -89.5351 -33.3333 -90 -42.8571 -80 -33.3333
1 89.5351 -52.381 80.4649 -42.8571 80 -52.381 90 -42.8571
1 79.5351 -42.8571 80.4649 -42.8571 80 -52.381 80 -33.3333
1 70.4649 -52.381 79.5351 -42.8571 80 -52.381 70 -42.8571
1 69.5351 -52.381 60.4649 -42.8571 60 -52.381 70 -42.8571
1 59.5351 -42.8571 60.4649 -42.8571 60 -52.381 60 -33.3333
1 50.4649 -52.381 59.5351 -42.8571 60 -52.381 50 -42.8571
1 49.5351 -52.381 40.4649 -42.8571 40 -52.381 50 -42.8571
1 39.5351 -42.8571 40.4649 -42.8571 40 -52.381 40 -33.3333
1 30.4649 -52.381 39.5351 -42.8571 40 -52.381 30 -42.8571
1 29.5351 -52.381 20.4649 -42.8571 20 -52.381 30 -42.8571
1 19.5351 -42.8571 20.4649 -42.8571 20 -52.381 20 -33.3333
1 10.4649 -52.381 19.5351 -42.8571 20 -52.381 10 -42.8571
1 9.53515 -52.381 0.464851 -42.8571 0 -52.381 10 -42.8571
1 -0.464851 -42.8571 0.464851 -42.8571 0 -52.381 0 -33.3333
1 -9.53515 -52.381 -0.464851 -42.8571 0 -52.381 -10 -42.8571
1 -10.4649 -52.381 -19.5351 -42.8571 -20 -52.381 -10 -42.8571
1 -20.4649 -42.8571 -19.5351 -42.8571 -20 -52.381 -20 -33.3333
1 -29.5351 -52.381 -20.4649 -42.8571 -20 -52.381 -30 -42.8571
1 -30.4649 -52.381 -39.5351 -42.8571 -40 -52.381 -30 -42.8571
1 -40.4649 -42.8571 -39.5351 -42.8571 -40 -52.381 -40 -33.3333
1 -49.5351 -52.381 -40.4649 -42.8571 -40 -52.381 -50 -42.8571
1 -50.4649 -52.381 -59.5351 -42.8571 -60 -52.381 -50 -42.8571
1 -60.4649 -42.8571 -59.5351 -42.8571 -60 -52.381 -60 -33.3333
1 -69.5351 -52.381 -60.4649 -42.8571 -60 -52.381 -70 -42.8571
1 -70.4649 -52.381 -79.5351 -42.8571 -80 -52.381 -70 -42.8571
1 -80.4649 -42.8571 -79.5351 -42.8571 -80 -52.381 -80 -33.3333
1 -89.5351 -52.381 -80.4649 -42.8571 -80 -52.381 -90 -42.8571
1 80.4649 -61.9048 89.5352 -52.381 90 -61.9048 80 -52.381
1 79.5351 -61.9048 70.4649 -52.381 70 -61.9048 80 -52.381
1 69.5352 -52.381 70.4649 -52.381 70 -61.9048 70 -42.8571
1 60.4649 -61.9048 69.5352 -52.381 70 -61.9048 60 -52.381
1 59.5351 -61.9048 50.4649 -52.381 50 -61.9048 60 -52.381
1 49.5352 -52.381 50.4649 -52.381 50 -61.9048 50 -42.8571
1 40.4649 -61.9048 49.5352 -52.381 50 -61.9048 40 -52.381
1 39.5351 -61.9048 30.4649 -52.381 30 -61.9048 40 -52.381
1 29.5351 -52.381 30.4649 -52.381 30 -61.9048 30 -42.8571
1 20.4648 -61.9048 29.5351 -52.381 30 -61.9048 20 -52.381
1 19.5352 -61.9048 10.4649 -52.381 10 -61.9048 20 -52.381
1 9.53514 -52.381 10.4649 -52.381 10 -61.9048 10 -42.8571
1 0.464848 -61.9048 9.53514 -52.381 10 -61.9048 0 -52.381
1 -0.464848 -61.9048 -9.53514 -52.381 -10 -61.9048 0 -52.381
1 -10.4649 -52.381 -9.53514 -52.381 -10 -61.9048 -10 -42.8571
1 -19.5352 -61.9048 -10.4649 -52.381 -10 -61.9048 -20 -52.381
1 -20.4648 -61.9048 -29.5351 -52.381 -30 -61.9048 -20 -52.381
1 -30.4649 -52.381 -29.5351 -52.381 -30 -61.9048 -30 -42.8571
1 -39.5351 -61.9048 -30.4649 -52.381 -30 -61.9048 -40 -52.381
1 -40.4649 -61.9048 -49.5352 -52.381 -50 -61.9048 -40 -52.381
1 -50.4649 -52.381 -49.5352 -52.381 -50 -61.9048 -50 -42.8571
1 -59.5351 -61.9048 -50.4649 -52.381 -50 -61.9048 -60 -52.381
1 -60.4649 -61.9048 -69.5352 -52.381 -70 -61.9048 -60 -52.381
1 -70.4649 -52.381 -69.5352 -52.381 -70 -61.9048 -70 -42.8571
1 -79.5351 -61.9048 -70.4649 -52.381 -70 -61.9048 -80 -52.381
1 -80.4649 -61.9048 -89.5352 -52.381 -90 -61.9048 -80 -52.381
1 89.5351 -71.4286 80.4649 -61.9048 80 -71.4286 90 -61.9048
1 79.5352 -61.9048 80.4649 -61.9048 80 -71.4286 80 -52.381
1 70.4649 -71.4286 79.5352 -61.9048 80 -71.4286 70 -61.9048
1 69.5351 -71.4286 60.4648 -61.9048 60 -71.4286 70 -61.9048
1 59.5352 -61.9048 60.4648 -61.9048 60 -71.4286 60 -52.381
1 50.4649 -71.4286 59.5352 -61.9048 60 -71.4286 50 -61.9048
1 49.5351 -71.4286 40.4649 -61.9048 40 -71.4286 50 -61.9048
1 39.5351 -61.9048 40.4649 -61.9048 40 -71.4286 40 -52.381
1 30.4648 -71.4286 39.5351 -61.9048 40 -71.4286 30 -61.9048
1 29.5352 -71.4286 20.4649 -61.9048 20 -71.4286 30 -61.9048
1 19.5352 -61.9048 20.4649 -61.9048 20 -71.4286 20 -52.381
1 10.4649 -71.4286 19.5352 -61.9048 20 -71.4286 10 -61.9048
1 9.53515 -71.4286 0.464851 -61.9048 0 -71.4286 10 -61.9048
1 -0.464851 -61.9048 0.464851 -61.9048 0 -71.4286 0 -52.381
1 -9.53515 -71.4286 -0.464851 -61.9048 0 -71.4286 -10 -61.9048
1 -10.4649 -71.4286 -19.5352 -61.9048 -20 -71.4286 -10 -61.9048
1 -20.4649 -61.9048 -19.5352 -61.9048 -20 -71.4286 -20 -52.381
1 -29.5352 -71.4286 -20.4649 -61.9048 -20 -71.4286 -30 -61.9048
1 -30.4648 -71.4286 -39.5351 -61.9048 -40 -71.4286 -30 -61.9048
1 -40.4649 -61.9048 -39.5351 -61.9048 -40 -71.4286 -40 -52.381
1 -49.5351 -71.4286 -40.4649 -61.9048 -40 -71.4286 -50 -61.9048
1 -50.4649 -71.4286 -59.5352 -61.9048 -60 -71.4286 -50 -61.9048
1 -60.4648 -61.9048 -59.5352 -61.9048 -60 -71.4286 -60 -52.381
1 -69.5351 -71.4286 -60.4648 -61.9048 -60 -71.4286 -70 -61.9048
1 -70.4649 -71.4286 -79.5352 -61.9048 -80 -71.4286 -70 -61.9048
1 -80.4649 -61.9048 -79.5352 -61.9048 -80 -71.4286 -80 -52.381
1 -89.5351 -71.4286 -80.4649 -61.9048 -80 -71.4286 -90 -61.9048
1 80.4649 -80.9524 89.5351 -71.4286 90 -80.9524 80 -71.4286
1 79.5351 -80.9524 70.4649 -71.4286 70 -80.9524 80 -71.4286
1 69.5351 -71.4286 70.4649 -71.4286 70 -80.9524 70 -61.9048
1 60.4649 -80.9524 69.5351 -71.4286 70 -80.9524 60 -71.4286
1 59.5351 -80.9524 50.4649 -71.4286 50 -80.9524 60 -71.4286
1 49.5351 -71.4286 50.4649 -71.4286 50 -80.9524 50 -61.9048
1 40.4649 -80.9524 49.5351 -71.4286 50 -80.9524 40 -71.4286
1 39.5351 -80.9524 30.4649 -71.4286 30 -80.9524 40 -71.4286
1 29.5351 -71.4286 30.4649 -71.4286 30 -80.9524 30 -61.9048
1 20.4649 -80.9524 29.5351 -71.4286 30 -80.9524 20 -71.4286
1 19.5351 -80.9524 10.4649 -71.4286 10 -80.9524 20 -71.4286
1 9.53514 -71.4286 10.4649 -71.4286 10 -80.9524 10 -61.9048
1 0.464851 -80.9524 9.53514 -71.4286 10 -80.9524 0 -71.4286
1 -0.464851 -80.9524 -9.53514 -71.4286 -10 -80.9524 0 -71.4286
1 -10.4649 -71.4286 -9.53514 -71.4286 -10 -80.9524 -10 -61.9048
1 -19.5351 -80.9524 -10.4649 -71.4286 -10 -80.9524 -20 -71.4286
1 -20.4649 -80.9524 -29.5351 -71.4286 -30 -80.9524 -20 -71.4286
1 -30.4649 -71.4286 -29.5351 -71.4286 -30 -80.9524 -30 -61.9048
1 -39.5351 -80.9524 -30.4649 -71.4286 -30 -80.9524 -40 -71.4286
1 -40.4649 -80.9524 -49.5351 -71.4286 -50 -80.9524 -40 -71.4286
1 -50.4649 -71.4286 -49.5351 -71.4286 -50 -80.9524 -50 -61.9048
1 -59.5351 -80.9524 -50.4649 -71.4286 -50 -80.9524 -60 -71.4286
1 -60.4649 -80.9524 -69.5351 -71.4286 -70 -80.9524 -60 -71.4286
1 -70.4649 -71.4286 -69.5351 -71.4286 -70 -80.9524 -70 -61.9048
1 -79.5351 -80.9524 -70.4649 -71.4286 -70 -80.9524 -80 -71.4286
1 -80.4649 -80.9524 -89.5351 -71.4286 -90 -80.9524 -80 -71.4286
1 79.5352 -80.9524 80.4649 -80.9524 80 -90.4762 80 -71.4286
1 70 -90.9643 79.5352 -80.9524 80 -90.4762 70 -80.9524
1 70 -90.9643 60.4649 -80.9524 60 -90.4762 70 -80.9524
1 59.5352 -80.9524 60.4649 -80.9524 60 -90.4762 60 -71.4286
1 50 -90.9643 59.5352 -80.9524 60 -90.4762 50 -80.9524
1 50 -90.9643 40.4649 -80.9524 40 -90.4762 50 -80.9524
1 39.5352 -80.9524 40.4649 -80.9524 40 -90.4762 40 -71.4286
1 30 -90.9643 39.5352 -80.9524 40 -90.4762 30 -80.9524
1 30 -90.9643 20.4649 -80.9524 20 -90.4762 30 -80.9524
1 19.5352 -80.9524 20.4649 -80.9524 20 -90.4762 20 -71.4286
1 10 -90.9643 19.5352 -80.9524 20 -90.4762 10 -80.9524
1 10 -90.9643 0.464851 -80.9524 0 -90.4762 10 -80.9524
1 -0.464851 -80.9524 0.464851 -80.9524 0 -90.4762 0 -71.4286
1 -10 -90.9643 -0.464851 -80.9524 0 -90.4762 -10 -80.9524
1 -10 -90.9643 -19.5352 -80.9524 -20 -90.4762 -10 -80.9524
1 -20.4649 -80.9524 -19.5352 -80.9524 -20 -90.4762 -20 -71.4286
1 -30 -90.9643 -20.4649 -80.9524 -20 -90.4762 -30 -80.9524
1 -30 -90.9643 -39.5352 -80.9524 -40 -90.4762 -30 -80.9524
1 -40.4649 -80.9524 -39.5352 -80.9524 -40 -90.4762 -40 -71.4286
1 -50 -90.9643 -40.4649 -80.9524 -40 -90.4762 -50 -80.9524
1 -50 -90.9643 -59.5352 -80.9524 -60 -90.4762 -50 -80.9524
1 -60.4649 -80.9524 -59.5352 -80.9524 -60 -90.4762 -60 -71.4286
1 -70 -90.9643 -60.4649 -80.9524 -60 -90.4762 -70 -80.9524
1 -70 -90.9643 -79.5352 -80.9524 -80 -90.4762 -70 -80.9524
1 -80.4649 -80.9524 -79.5352 -80.9524 -80 -90.4762 -80 -71.4286
