1 70.5776 -100 70.5776 -100 41.4674 -99.6179 99.6667 -98.829
1 100 -6.47655 100 -6.47655 99.6667 -98.829 98.5754 85.8655
1 95.6998 100 95.6998 100 98.5754 85.8655 81.3835 98.2402
1 53.8244 100 53.8244 100 81.3835 98.2402 26.2469 98.5567
1 -12.4445 100 -12.4445 100 -51.133 98.4816 26.2469 98.5567
1 -63.2867 100 -63.2867 100 -74.975 96.3392 -51.133 98.4816
1 -86.7693 100 -86.7693 100 -96.7896 92.7819 -74.975 96.3392
1 -100 91.279 -93.5934 89.693 -97.8615 88.4519 -96.7896 92.7819
1 -100 79.322 -100 79.322 -98.9419 70.0048 -97.8615 88.4519
1 -100 8.58883 -100 8.58883 -97.9422 -52.8018 -98.9419 70.0048
1 -100 -75.1787 -100 -75.1787 -94.9514 -97.0757 -97.9422 -52.8018
1 -99.2196 -100 -89.9125 -95.5977 -94.2514 -98.5555 -94.9514 -97.0757
1 -26.3992 -100 -26.3992 -100 41.4674 -99.6179 -94.2514 -98.5555
1 100 -12.9535 100 -12.9535 99.6667 -98.829 98.6328 72.9118
1 100 79.3948 100 79.3948 98.6328 72.9118 98.5754 85.8655
1 100 -27.0963 100 -27.0963 99.6667 -98.829 97.8683 44.6055
1 100 58.7114 100 58.7114 97.8683 44.6055 98.6328 72.9118
1 8.80236 100 8.80236 100 -8.52097 97.4906 26.2469 98.5567
1 -29.7801 100 -29.7801 100 -8.52097 97.4906 -51.133 98.4816
1 100 -73.6834 100 -73.6834 99.6667 -98.829 96.8178 -48.7377
1 100 -2.096 100 -2.096 96.8178 -48.7377 97.8683 44.6055
1 -100 39.6663 -100 39.6663 -95.9389 9.58218 -98.9419 70.0048
1 -100 -21.5116 -100 -21.5116 -97.9422 -52.8018 -95.9389 9.58218
1 100 -42.633 100 -42.633 96.8178 -48.7377 95.1975 -37.7005
1 100 3.33998 100 3.33998 95.1975 -37.7005 97.8683 44.6055
1 -10.5178 89.4967 -12.6355 100 -15.4563 96.0923 -8.52097 97.4906
1 -33.1129 100 -33.1129 100 -15.4563 96.0923 -51.133 98.4816
1 64.8358 100 64.8358 100 50.9989 90.7553 81.3835 98.2402
1 38.1192 93.0578 40.3073 100 50.9989 90.7553 26.2469 98.5567
1 -14.761 83.9159 -21.2904 100 -22.7499 93.1314 -15.4563 96.0923
1 -36.151 100 -36.151 100 -22.7499 93.1314 -51.133 98.4816
1 25.5999 90.1051 20.6234 100 18.4291 94.6249 26.2469 98.5567
0 5.11547 97.5757 5.37326 100 18.4291 94.6249 -8.52097 97.4906
1 -100 62.4562 -89.3376 65.0773 -95.5628 56.2585 -98.9419 70.0048
1 -100 32.9546 -100 32.9546 -95.9389 9.58218 -95.5628 56.2585
1 77.5574 95.5915 74.5616 100 73.6859 93.0094 81.3835 98.2402
1 62.5244 90.0507 61.5359 100 50.9989 90.7553 73.6859 93.0094
0 -29.7065 95.9205 -30.4658 100 -35.1936 90.8151 -22.7499 93.1314
1 -40.5893 100 -40.5893 100 -35.1936 90.8151 -51.133 98.4816
1 95.5709 76.2491 100 76.5532 98.6328 72.9118 98.1479 79.9736
1 97.7255 82.9657 100 82.8007 98.1479 79.9736 98.5754 85.8655
0 -58.2955 99.1974 -58.796 100 -60.8046 92.4506 -51.133 98.4816
0 -66.6176 99.0309 -66.3516 100 -60.8046 92.4506 -74.975 96.3392
1 -41.2578 86.2557 -38.5964 100 -35.1936 90.8151 -45.1817 92.7492
1 -49.9407 93.7639 -43.934 100 -45.1817 92.7492 -51.133 98.4816
1 100 -13.7057 100 -13.7057 95.1975 -37.7005 89.6355 8.46172
1 100 25.1104 100 25.1104 89.6355 8.46172 97.8683 44.6055
0 94.9075 95.1513 96.3673 100 98.5754 85.8655 86.7228 89.4338
0 87.0353 95.6451 94.2182 100 86.7228 89.4338 81.3835 98.2402
0 -83.8219 94.9902 -86.6894 100 -89.4654 88.0449 -74.975 96.3392
1 -93.5935 89.693 -86.9273 100 -89.4654 88.0449 -96.7896 92.7819
0 7.38714 91.6273 5.11547 97.5757 -2.84199 86.5015 18.4291 94.6249
1 -10.5178 89.4967 5.11547 97.5757 -2.84199 86.5015 -8.52097 97.4906
1 -63.7659 88.4791 -66.6176 99.0309 -68.3245 90.4183 -60.8046 92.4506
1 -74.1675 90.5508 -66.6176 99.0309 -68.3245 90.4183 -74.975 96.3392
1 -58.2955 99.1974 -49.9407 93.7639 -54.7365 92.9406 -51.133 98.4816
1 -57.3971 88.0711 -58.2955 99.1974 -60.8046 92.4506 -54.7365 92.9406
1 44.8036 84.9602 38.1192 93.0578 37.9397 79.9751 50.9989 90.7553
1 31.6198 88.968 38.1192 93.0578 37.9397 79.9751 26.2469 98.5567
1 97.304 83.2088 94.9075 95.1513 95.1061 85.1693 98.5754 85.8655
1 88.2725 82.1079 94.9075 95.1513 95.1061 85.1693 86.7228 89.4338
1 -83.8219 94.9902 -74.1675 90.5508 -79.0874 87.396 -74.975 96.3392
1 -84.5837 82.8053 -83.8219 94.9902 -79.0874 87.396 -89.4654 88.0449
1 -19.0333 77.3196 -29.7065 95.9205 -30.809 88.5071 -22.7499 93.1314
1 -37.2213 81.6441 -29.7065 95.9205 -30.809 88.5071 -35.1936 90.8151
0 9.713 88.4465 7.38714 91.6273 1.18269 82.0141 18.4291 94.6249
1 -15.1505 71.4136 7.38714 91.6273 1.18269 82.0141 -2.84199 86.5015
0 85.2847 93.0285 87.0354 95.6451 86.7228 89.4338 81.4132 92.9862
1 77.5574 95.5915 87.0353 95.6451 81.4132 92.9862 81.3835 98.2402
1 62.5244 90.0507 75.0358 81.2574 63.5213 78.5468 73.6859 93.0094
1 53.6532 80.9514 62.5244 90.0507 63.5213 78.5468 50.9989 90.7553
1 100 -79.9315 100 -79.9315 99.6667 -98.829 96.0914 -61.4395
1 100 -55.2914 100 -55.2914 96.0914 -61.4395 96.8178 -48.7377
1 77.5415 90.314 77.5574 95.5915 81.4132 92.9862 73.6859 93.0094
1 36.6159 69.509 31.6198 88.968 30.4139 78.0429 37.9397 79.9751
0 29.5164 88.5407 31.6198 88.968 30.4139 78.0429 26.2469 98.5567
0 9.71301 88.4465 14.3692 88.2652 17.9223 81.6092 18.4291 94.6249
0 9.67057 86.6922 9.71301 88.4465 17.9223 81.6092 1.18269 82.0141
1 23.4476 77.3022 29.5164 88.5407 30.4139 78.0429 20.2462 83.5335
0 25.5999 90.1051 29.5164 88.5407 20.2462 83.5335 26.2469 98.5567
1 -50.056 88.0059 -49.9407 93.7639 -45.1817 92.7492 -54.7365 92.9406
1 14.3692 88.2652 25.5999 90.1051 20.2462 83.5335 18.4291 94.6249
1 -100 83.6521 -93.8118 85.1874 -95.8659 80.4085 -97.8615 88.4519
1 -100 75.9742 -91.0018 73.3138 -98.9419 70.0048 -95.8659 80.4085
0 -14.761 83.9159 -10.5178 89.4967 -2.84199 86.5015 -15.4563 96.0923
1 81.9392 80.6226 85.2847 93.0285 86.7228 89.4338 82.2343 90.6442
1 77.5415 90.314 85.2847 93.0285 82.2343 90.6442 81.4132 92.9862
0 -73.8489 89.4161 -74.1675 90.5508 -79.0874 87.396 -68.3245 90.4183
1 17.1048 61.015 9.67057 86.6922 5.41096 77.9868 17.9223 81.6092
1 -11.2276 64.7513 9.67056 86.6922 5.41096 77.9868 1.18269 82.0141
0 -17.2924 76.3147 -14.761 83.9159 -2.84199 86.5015 -22.7499 93.1314
1 23.4476 77.3022 14.3692 88.2652 17.9223 81.6092 20.2462 83.5335
1 -68.9793 82.6548 -73.8489 89.4161 -76.5501 84.4941 -68.3245 90.4183
1 -82.2626 82.0597 -73.8489 89.4161 -76.5501 84.4941 -79.0874 87.396
0 75.0358 81.2574 77.5415 90.314 82.2343 90.6442 73.6859 93.0094
1 -50.056 88.0058 -41.2578 86.2557 -47.3681 81.7582 -45.1817 92.7492
1 -53.9218 85.4586 -50.056 88.0058 -47.3681 81.7582 -54.7365 92.9406
1 -93.8118 85.1874 -93.5934 89.693 -89.4654 88.0449 -97.8615 88.4519
0 -15.1505 71.4136 -17.2924 76.3147 -34.5841 72.6293 -2.84199 86.5015
0 -19.0333 77.3196 -17.2924 76.3147 -34.5841 72.6293 -22.7499 93.1314
0 -37.8124 81.6243 -41.2578 86.2557 -47.3681 81.7582 -35.1936 90.8151
0 -57.3971 88.0711 -53.9218 85.4586 -61.3355 84.1622 -54.7365 92.9406
1 -63.7659 88.4791 -57.3971 88.0711 -61.3355 84.1622 -60.8046 92.4506
1 -37.2213 81.6441 -19.0333 77.3196 -34.5841 72.6293 -30.809 88.5071
1 44.8036 84.9602 53.6532 80.9514 44.533 76.4813 50.9989 90.7553
1 36.6159 69.509 44.8036 84.9602 44.533 76.4813 37.9397 79.9751
1 -68.9793 82.6548 -63.7659 88.4791 -61.3355 84.1622 -68.3245 90.4183
0 76.2057 79.4477 75.0358 81.2574 63.5213 78.5468 82.2343 90.6442
1 -56.5015 70.4707 -53.9218 85.4586 -47.3681 81.7582 -61.3355 84.1622
0 76.2057 79.4477 76.3322 79.4191 76.831 66.7467 82.2343 90.6442
1 68.6783 70.9573 76.2057 79.4477 76.831 66.7467 63.5213 78.5468
0 76.3322 79.4191 81.9392 80.6226 86.321 71.6049 82.2343 90.6442
0 79.2585 73.7029 76.3322 79.4191 76.831 66.7467 86.321 71.6049
0 -37.8123 81.6243 -37.2213 81.6441 -34.5841 72.6293 -35.1936 90.8151
1 -44.4029 72.3949 -37.8123 81.6243 -34.5841 72.6293 -47.3681 81.7582
1 54.6022 72.2272 53.6532 80.9514 44.533 76.4813 63.5213 78.5468
0 -14.4685 68.8142 -15.1505 71.4136 -34.5841 72.6293 1.18269 82.0141
1 81.9392 80.6226 86.7262 80.5148 86.321 71.6049 86.7228 89.4338
0 -69.0989 77.1728 -68.9793 82.6548 -61.3355 84.1622 -76.5501 84.4941
1 -93.8118 85.1874 -88.4438 80.6882 -95.8659 80.4085 -89.4654 88.0449
0 -84.5837 82.8053 -82.2626 82.0597 -82.7892 75.8725 -79.0874 87.396
1 -88.4438 80.6882 -84.5837 82.8053 -82.7892 75.8725 -89.4654 88.0449
1 88.2725 82.1079 97.304 83.2088 95.6414 80.7777 95.1061 85.1693
0 86.7262 80.5148 88.2725 82.1079 95.6414 80.7777 86.7228 89.4338
1 92.1898 74.9633 86.7262 80.5148 86.321 71.6049 95.6414 80.7777
0 -13.8459 66.9664 -14.4685 68.8142 -34.9165 69.8512 1.18269 82.0141
1 -44.4029 72.3949 -14.4685 68.8142 -34.9165 69.8512 -34.5841 72.6293
1 -82.2626 82.0597 -73.8141 75.9459 -82.7892 75.8725 -76.5501 84.4941
0 -13.3044 66.2821 -13.8459 66.9664 -31.9454 55.7996 1.18269 82.0141
1 -40.7345 61.2812 -13.8459 66.9664 -31.9454 55.7996 -34.9165 69.8512
1 -91.0018 73.3138 -88.4438 80.6882 -82.7892 75.8725 -95.8659 80.4085
1 -13.3044 66.2821 -11.2276 64.7513 -24.0448 47.7884 1.18269 82.0141
1 -31.9331 47.9104 -13.3044 66.2821 -24.0448 47.7884 -31.9454 55.7996
1 -69.0989 77.1728 -59.353 71.043 -72.0368 67.1482 -61.3355 84.1622
0 -73.8141 75.9459 -69.0989 77.1728 -72.0368 67.1482 -76.5501 84.4941
0 97.304 83.2088 97.7255 82.9657 95.6414 80.7777 98.5754 85.8655
1 -11.2276 64.7513 2.87834 50.9922 -24.0448 47.7884 5.41096 77.9868
1 95.5709 76.2491 97.7255 82.9657 98.1479 79.9736 95.6414 80.7777
0 -56.5015 70.4707 -54.7846 69.0011 -66.244 59.7045 -47.3681 81.7582
0 -59.353 71.043 -56.5015 70.4707 -66.244 59.7045 -61.3355 84.1622
0 -76.9626 72.0655 -73.8141 75.9459 -72.0368 67.1482 -82.7892 75.8725
1 -71.7908 61.3638 -59.353 71.043 -66.244 59.7045 -72.0368 67.1482
0 18.9568 61.5722 23.4476 77.3022 30.4139 78.0429 17.9223 81.6092
1 -54.7846 69.0011 -48.0957 68.5332 -49.2166 55.3357 -47.3681 81.7582
0 -56.3559 62.877 -54.7846 69.0011 -49.2166 55.3357 -66.244 59.7045
1 54.6023 72.2272 68.6783 70.9573 62.2462 64.4132 63.5213 78.5468
1 52.8256 69.6195 54.6023 72.2272 62.2462 64.4132 44.533 76.4813
0 -48.0957 68.5332 -44.4029 72.3949 -34.9165 69.8512 -47.3681 81.7582
1 -88.5767 66.6379 -91.0018 73.3138 -98.9419 70.0048 -82.7892 75.8725
1 -48.0957 68.5332 -40.7345 61.2812 -49.2166 55.3357 -34.9165 69.8512
0 92.1898 74.9633 95.5709 76.2491 98.6328 72.9118 95.6414 80.7777
1 92.8052 69.1655 92.1898 74.9633 86.321 71.6049 98.6328 72.9118
0 18.9568 61.5722 25.888 61.3127 29.1502 44.291 30.4139 78.0429
0 17.1048 61.015 18.9568 61.5722 29.1502 44.291 17.9223 81.6092
0 2.87834 50.9922 17.1048 61.015 29.1502 44.291 5.41096 77.9868
1 79.2585 73.7029 89.002 67.8329 84.4143 68.4399 86.321 71.6049
1 81.5809 63.3017 79.2585 73.7029 76.831 66.7467 84.4143 68.4399
1 62.567 55.7554 52.8256 69.6195 54.5305 58.9918 62.2462 64.4132
1 47.291 66.4557 52.8256 69.6195 54.5305 58.9918 44.533 76.4813
1 70.178 61.5835 68.6783 70.9573 62.2462 64.4132 76.831 66.7467
0 36.392 67.4846 36.6159 69.509 44.533 76.4813 30.4139 78.0429
1 36.392 67.4846 47.291 66.4557 42.7056 57.1234 44.533 76.4813
0 25.888 61.3127 36.392 67.4846 42.7056 57.1234 30.4139 78.0429
0 -75.4197 67.623 -76.9626 72.0655 -77.78 65.1535 -72.0368 67.1482
1 -88.5767 66.6379 -76.9626 72.0655 -77.78 65.1535 -82.7892 75.8725
1 38.2721 48.231 25.888 61.3127 29.1502 44.291 42.7056 57.1234
1 1.42468 28.8827 2.87834 50.9922 29.1502 44.291 -24.0448 47.7884
0 -88.7786 65.7572 -88.5767 66.6379 -77.78 65.1535 -98.9419 70.0048
1 49.9587 49.5729 47.291 66.4557 42.7056 57.1234 54.5305 58.9918
1 -88.7786 65.7572 -80.1908 60.8682 -82.6452 56.6076 -77.78 65.1535
0 -89.3376 65.0773 -88.7786 65.7572 -82.6452 56.6076 -98.9419 70.0048
1 92.8052 69.1655 100 62.2141 89.2616 63.2125 98.6328 72.9118
0 89.002 67.8329 92.8052 69.1655 89.2616 63.2125 86.321 71.6049
1 -100 41.8077 -88.7908 44.8479 -88.8691 31.5793 -95.5628 56.2585
1 -100 23.022 -91.6807 20.3483 -95.9389 9.58218 -88.8691 31.5793
1 -88.7908 44.8479 -89.3376 65.0773 -95.5628 56.2585 -82.6452 56.6076
0 95.1212 54.6288 100 56.8855 97.8683 44.6055 89.2616 63.2125
1 -57.4649 40.8429 -56.3559 62.877 -49.2166 55.3357 -64.2162 56.0907
1 -65.4593 57.769 -56.3559 62.877 -64.2162 56.0907 -66.244 59.7045
1 83.7907 63.0006 89.002 67.8329 89.2616 63.2125 84.4143 68.4399
1 -40.4492 50.6596 -40.7345 61.2812 -49.2166 55.3357 -31.9454 55.7996
1 -72.0749 61.2315 -75.4197 67.623 -76.958 64.5729 -72.0368 67.1482
1 -80.1908 60.8682 -75.4197 67.623 -76.958 64.5729 -77.78 65.1535
1 70.178 61.5835 80.6574 62.6858 77.7598 57.9176 76.831 66.7467
1 68.8007 58.2939 70.178 61.5835 77.7598 57.9176 62.2462 64.4132
1 81.5809 63.3017 83.7907 63.0006 82.936 57.5927 84.4143 68.4399
0 80.6574 62.6858 81.5809 63.3017 82.936 57.5927 76.831 66.7467
1 91.3647 54.4753 83.7907 63.0006 82.936 57.5927 89.2616 63.2125
1 79.7462 48.1706 80.6574 62.6858 82.936 57.5927 77.7598 57.9176
1 85.523 14.9061 100 15.1016 89.6355 8.46172 89.4599 21.4591
1 92.4644 33.4681 100 30.7306 89.4599 21.4591 97.8683 44.6055
1 77.6118 48.6688 68.8007 58.2939 68.3859 49.3366 77.7598 57.9176
1 62.567 55.7554 68.8007 58.2939 68.3859 49.3366 62.2462 64.4132
1 -71.7908 61.3638 -65.4593 57.769 -67.5235 57.4509 -66.244 59.7045
0 -72.075 61.2315 -71.7908 61.3638 -67.5235 57.4509 -72.0368 67.1482
1 -74.4583 58.0744 -72.075 61.2315 -67.5235 57.4509 -76.958 64.5729
1 -80.1908 60.8682 -76.3484 58.1247 -82.6452 56.6076 -76.958 64.5729
1 -69.0951 48.9289 -74.4582 58.0744 -77.2997 51.7179 -67.5235 57.4509
0 -76.3484 58.1247 -74.4582 58.0744 -77.2997 51.7179 -76.958 64.5729
1 92.4644 33.4681 95.1212 54.6288 97.8683 44.6055 89.9815 45.5957
0 91.3647 54.4753 95.1212 54.6288 89.9815 45.5957 89.2616 63.2125
1 -88.5483 44.7876 -76.3484 58.1247 -77.2997 51.7179 -82.6452 56.6076
1 57.7738 48.8771 62.567 55.7554 68.3859 49.3366 54.5305 58.9918
1 80.2073 47.9229 91.3647 54.4753 89.9815 45.5957 82.936 57.5927
0 1.74576 25.1322 1.42469 28.8827 -28.5164 39.3542 29.1502 44.291
1 -31.0169 46.0824 1.42469 28.8827 -28.5164 39.3542 -24.0448 47.7884
1 -40.4492 50.6596 -31.9331 47.9104 -36.5561 41.5176 -31.9454 55.7996
1 -49.7467 42.1411 -40.4492 50.6596 -36.5561 41.5176 -49.2166 55.3357
1 49.9587 49.5729 57.7738 48.8771 52.7946 39.4944 54.5305 58.9918
1 44.7744 46.606 49.9587 49.5729 52.7946 39.4944 42.7056 57.1234
1 -69.0951 48.9289 -65.4593 57.769 -64.2162 56.0907 -67.5235 57.4509
0 60.0865 45.2134 57.7738 48.8771 52.7946 39.4944 68.3859 49.3366
0 1.74576 25.1322 4.19327 25.1995 30.1603 7.50627 29.1502 44.291
1 -1.43113 19.2791 1.74576 25.1322 30.1603 7.50627 -28.5164 39.3542
0 38.2721 48.231 40.5052 46.6158 31.2146 41.2364 42.7056 57.1234
1 4.19327 25.1995 38.2721 48.231 31.2146 41.2364 29.1502 44.291
0 79.7462 48.1706 80.2073 47.9229 73.6503 40.31 82.936 57.5927
0 77.6117 48.6688 79.7462 48.1706 73.6503 40.31 77.7598 57.9176
0 -88.7908 44.8479 -88.5483 44.7876 -88.8691 31.5793 -82.6452 56.6076
1 -88.5483 44.7876 -72.5763 35.6118 -88.8691 31.5793 -77.2997 51.7179
1 84.5277 34.5743 80.2073 47.9229 73.6503 40.31 89.9815 45.5957
1 64.8595 41.2316 77.6117 48.6688 73.6503 40.31 68.3859 49.3366
0 -66.0129 39.7068 -69.0951 48.9289 -77.2997 51.7179 -64.2162 56.0907
0 -57.4649 40.8429 -49.7467 42.1411 -44.9293 29.8459 -49.2166 55.3357
0 -57.5519 40.7789 -57.4649 40.8429 -44.9293 29.8459 -64.2162 56.0907
0 -54.841 33.3358 -57.5519 40.779 -60.1865 24.2889 -44.9293 29.8459
1 -66.0129 39.7068 -57.5519 40.779 -60.1865 24.2889 -64.2162 56.0907
1 40.5052 46.6158 44.7744 46.606 42.6573 36.0981 42.7056 57.1234
1 31.6296 26.8504 40.5052 46.6158 42.6573 36.0981 31.2146 41.2364
1 50.1687 30.5053 44.7744 46.606 42.6573 36.0981 52.7946 39.4944
0 4.19327 25.1995 27.6755 24.4655 30.1603 7.50627 31.2146 41.2364
1 -72.5763 35.6118 -66.0129 39.7068 -60.1865 24.2889 -77.2997 51.7179
0 -31.0169 46.0824 -31.9331 47.9104 -36.5561 41.5176 -24.0448 47.7884
1 -49.7467 42.1411 -34.9364 31.5164 -44.9293 29.8459 -36.5561 41.5176
1 60.0865 45.2134 64.8595 41.2316 57.518 36.3093 68.3859 49.3366
1 50.1687 30.5053 60.0865 45.2134 57.518 36.3093 52.7946 39.4944
1 -100 -65.316 -100 -65.316 -94.5372 -76.7614 -97.9422 -52.8018
0 -100 -86.8114 -95.0103 -86.9131 -94.9514 -97.0757 -94.5372 -76.7614
1 -34.9364 31.5164 -31.0169 46.0824 -28.5164 39.3542 -36.5561 41.5176
0 2.40988 7.03493 -1.43113 19.2791 -20.6374 -8.429 30.1603 7.50627
0 -7.47217 18.283 -1.43113 19.2791 -20.6374 -8.429 -28.5164 39.3542
0 -73.1238 33.4578 -72.5763 35.6118 -60.1865 24.2889 -88.8691 31.5793
1 67.593 30.209 64.8595 41.2316 57.518 36.3093 73.6503 40.31
0 -71.7072 27.8491 -73.1238 33.4578 -80.1558 19.2453 -60.1865 24.2889
1 -91.6807 20.3483 -73.1238 33.4578 -80.1558 19.2453 -88.8691 31.5793
0 -19.5472 8.77327 -7.47217 18.283 -20.6374 -8.429 -36.5258 11.7454
0 -31.2695 25.1867 -7.47217 18.283 -36.5258 11.7454 -28.5164 39.3542
0 84.5277 34.5743 85.1294 34.2296 77.7785 24.295 89.9815 45.5957
1 67.593 30.209 84.5277 34.5743 77.7785 24.295 73.6503 40.31
1 85.1294 34.2296 87.2788 33.5802 82.8766 22.0781 89.9815 45.5957
1 78.2655 18.4445 85.1294 34.2296 82.8766 22.0781 77.7785 24.295
1 87.2788 33.5802 92.4644 33.4681 89.4599 21.4591 89.9815 45.5957
1 85.523 14.9061 87.2788 33.5802 89.4599 21.4591 82.8766 22.0781
1 -54.841 33.3358 -35.7438 23.489 -46.2496 27.2852 -44.9293 29.8459
1 -52.1551 20.843 -54.841 33.3358 -60.1865 24.2889 -46.2496 27.2852
0 66.5563 28.4608 67.593 30.209 77.7785 24.295 57.518 36.3093
0 -31.2695 25.1867 -34.9364 31.5164 -44.9293 29.8459 -28.5164 39.3542
0 27.6755 24.4655 31.6296 26.8504 44.1607 19.7723 31.2146 41.2364
1 41.6453 8.52042 27.6755 24.4655 30.1603 7.50627 44.1607 19.7723
1 31.6296 26.8504 50.1963 28.5603 44.1607 19.7723 42.6573 36.0981
0 68.1469 22.4524 66.5563 28.4608 58.8651 19.2882 77.7785 24.295
1 51.7684 27.2904 66.5563 28.4608 58.8651 19.2882 57.518 36.3093
1 -71.7072 27.8491 -54.1724 16.7427 -63.565 18.955 -60.1865 24.2889
1 -71.9164 15.897 -71.7072 27.8491 -63.565 18.955 -80.1558 19.2453
0 50.1963 28.5603 50.1687 30.5053 42.6573 36.0981 57.518 36.3093
0 -34.8687 23.5157 -31.2695 25.1867 -36.5258 11.7454 -44.9293 29.8459
1 50.1963 28.5603 51.7684 27.2904 44.1607 19.7723 57.518 36.3093
1 51.4625 17.9971 51.7684 27.2904 58.8651 19.2882 44.1607 19.7723
1 -44.2356 8.02972 -34.8687 23.5157 -36.5258 11.7454 -44.5242 16.5833
0 -35.7438 23.489 -34.8687 23.5157 -44.5242 16.5833 -44.9293 29.8459
1 2.40987 7.03493 31.9592 -15.1822 9.66367 -19.7549 30.1603 7.50627
1 -10.2944 -26.9539 2.40987 7.03493 9.66367 -19.7549 -20.6374 -8.429
1 -52.1551 20.843 -35.7438 23.489 -44.5242 16.5833 -46.2496 27.2852
1 68.1469 22.4524 78.2655 18.4445 73.9045 14.5144 77.7785 24.295
1 64.0204 9.45253 68.1469 22.4524 73.9045 14.5144 58.8651 19.2882
1 -87.8205 14.0433 -91.6807 20.3483 -95.9389 9.58218 -80.1558 19.2453
1 -54.1724 16.7427 -52.1551 20.843 -44.5242 16.5833 -60.1865 24.2889
0 -55.163 8.78984 -54.1724 16.7427 -44.5242 16.5833 -63.565 18.955
1 -33.6071 -10.6488 -19.5472 8.77327 -20.6374 -8.429 -35.5486 2.36538
1 -38.5218 6.79655 -19.5472 8.77327 -35.5486 2.36538 -36.5258 11.7454
1 51.4625 17.9971 64.0204 9.45253 52.9789 10.6372 58.8651 19.2882
1 41.6453 8.52042 51.4625 17.9971 52.9789 10.6372 44.1607 19.7723
1 -100 -3.19909 -100 -3.19909 -86.885 -6.00084 -95.9389 9.58218
1 -100 -27.6089 -100 -27.6089 -97.9422 -52.8018 -86.885 -6.00084
1 -69.235 10.803 -71.9164 15.897 -79.1648 10.7435 -63.565 18.955
1 -87.8205 14.0433 -71.9164 15.897 -79.1648 10.7435 -80.1558 19.2453
1 82.5096 13.4103 78.2655 18.4445 73.9045 14.5144 82.8766 22.0781
0 -87.5852 10.6453 -87.8205 14.0433 -95.9389 9.58218 -79.1648 10.7435
0 82.5096 13.4103 85.523 14.9061 89.6355 8.46172 82.8766 22.0781
1 81.5049 10.7992 82.5096 13.4103 89.6355 8.46172 73.9045 14.5144
1 -55.163 8.78984 -50.4763 5.64394 -58.3459 -4.00828 -44.5242 16.5833
1 -65.206 6.50726 -55.163 8.78984 -58.3459 -4.00828 -63.565 18.955
0 -65.206 6.50727 -69.235 10.803 -77.7332 5.66643 -63.565 18.955
1 -83.8224 6.68982 -69.235 10.803 -77.7332 5.66643 -79.1648 10.7435
0 64.7625 5.44751 64.0204 9.45253 52.9789 10.6372 73.9045 14.5144
1 89.0808 -19.3389 100 -16.1785 95.1975 -37.7005 84.4442 -0.548959
1 86.8092 4.08928 100 -3.51019 84.4442 -0.548959 89.6355 8.46172
0 42.0882 5.29237 41.6453 8.52042 30.1603 7.50627 52.9789 10.6372
1 86.8092 4.08928 81.5049 10.7992 81.9024 2.34868 89.6355 8.46172
1 67.4504 1.55962 81.5049 10.7992 81.9024 2.34868 73.9045 14.5144
0 -83.8225 6.68982 -87.5852 10.6453 -88.1035 2.2402 -79.1648 10.7435
1 -100 -2.60382 -87.5852 10.6453 -88.1035 2.2402 -95.9389 9.58218
1 -72.4111 -7.93117 -65.206 6.50727 -58.3459 -4.00828 -77.7332 5.66643
0 67.4504 1.55961 64.7625 5.44751 53.0511 0.0970159 73.9045 14.5144
1 42.0882 5.29237 64.7625 5.44751 53.0511 0.0970159 52.9789 10.6372
0 -50.4763 5.64394 -44.2356 8.02972 -38.7446 1.46502 -44.5242 16.5833
1 -46.9119 -7.12081 -50.4763 5.64394 -58.3459 -4.00828 -38.7446 1.46502
1 36.557 -11.7961 42.0882 5.29237 53.0511 0.0970159 30.1603 7.50627
0 -44.2356 8.02972 -38.5218 6.79655 -38.7446 1.46502 -36.5258 11.7454
1 68.0392 -5.98378 67.4504 1.55961 53.0511 0.0970159 81.9024 2.34868
1 -81.2939 -0.963539 -83.8225 6.68982 -88.1035 2.2402 -77.7332 5.66643
1 -33.6071 -10.6488 -38.5218 6.79655 -38.7446 1.46502 -35.5486 2.36538
1 -100 -3.72941 -81.2939 -0.963539 -86.885 -6.00084 -88.1035 2.2402
0 68.0392 -5.98378 72.2895 -8.64754 66.5846 -22.0929 81.9024 2.34868
0 66.8779 -6.69201 68.0392 -5.98378 66.5846 -22.0929 53.0511 0.0970159
1 72.2895 -8.64754 86.8092 4.08928 84.4442 -0.548959 81.9024 2.34868
1 61.9132 -24.7467 66.8779 -6.69201 66.5846 -22.0929 59.2555 -20.0775
1 50.3592 -11.7721 66.8779 -6.69201 59.2555 -20.0775 53.0511 0.0970159
0 36.557 -11.7961 50.3592 -11.7721 53.0922 -23.6319 53.0511 0.0970159
0 31.9592 -15.1822 36.557 -11.7961 53.0922 -23.6319 30.1603 7.50627
1 31.2171 -23.4953 31.9592 -15.1822 53.0922 -23.6319 9.66367 -19.7549
0 -72.3575 -8.69878 -72.4111 -7.93117 -86.885 -6.00084 -58.3459 -4.00828
0 -81.2939 -0.963539 -72.4111 -7.93117 -86.885 -6.00084 -77.7332 5.66643
1 -63.3371 -18.1552 -72.3575 -8.69878 -77.7037 -22.4736 -58.3459 -4.00828
0 -73.4217 -9.29195 -72.3575 -8.69878 -77.7037 -22.4736 -86.885 -6.00084
1 72.2895 -8.64754 79.4488 -14.5825 66.5846 -22.0929 84.4442 -0.548959
0 -100 -22.4217 -98.3979 -22.0483 -80.9769 -31.3531 -86.885 -6.00084
0 -100 -33.7402 -93.4233 -38.9422 -97.9422 -52.8018 -80.9769 -31.3531
1 -46.9119 -7.12081 -34.8036 -12.8386 -48.3532 -18.8828 -38.7446 1.46502
1 -63.3371 -18.1552 -46.9119 -7.12081 -48.3532 -18.8828 -58.3459 -4.00828
1 -79.7994 -26.7441 -73.4217 -9.29195 -77.7037 -22.4736 -78.6479 -22.1285
1 -98.3979 -22.0483 -73.4217 -9.29195 -78.6479 -22.1285 -86.885 -6.00084
0 -34.8036 -12.8386 -33.6071 -10.6488 -20.6374 -8.429 -38.7446 1.46502
1 -33.1182 -17.307 -34.8036 -12.8386 -48.3532 -18.8828 -20.6374 -8.429
1 59.5804 -27.7616 50.3592 -11.7721 53.0922 -23.6319 59.2555 -20.0775
0 79.4488 -14.5825 89.0808 -19.3389 71.3428 -27.0799 84.4442 -0.548959
0 69.8537 -23.7372 79.4488 -14.5825 71.3428 -27.0799 66.5846 -22.0929
0 85.0538 -28.384 89.0808 -19.3389 95.1975 -37.7005 71.3428 -27.0799
1 34.9974 -32.6199 31.2171 -23.4953 15.8479 -39.0623 53.0922 -23.6319
1 -2.87866 -34.4163 31.2171 -23.4953 15.8479 -39.0623 9.66367 -19.7549
1 -33.1182 -17.307 -14.3734 -27.2742 -33.4998 -32.6186 -20.6374 -8.429
1 -47.6784 -33.052 -33.1182 -17.307 -33.4998 -32.6186 -48.3532 -18.8828
1 -98.3979 -22.0483 -79.7994 -26.7441 -80.9769 -31.3531 -78.6479 -22.1285
1 -62.3843 -25.943 -63.3371 -18.1552 -77.7037 -22.4736 -48.3532 -18.8828
1 -2.87865 -34.4163 -10.2944 -26.9539 -17.6186 -46.8663 9.66367 -19.7549
0 -14.3734 -27.2742 -10.2944 -26.9539 -17.6186 -46.8663 -20.6374 -8.429
0 -16.4946 -29.6386 -14.3734 -27.2742 -17.6186 -46.8663 -33.4998 -32.6186
1 -62.3844 -25.943 -47.6784 -33.052 -59.2017 -41.3244 -48.3532 -18.8828
0 -66.6551 -30.1346 -62.3844 -25.943 -59.2017 -41.3244 -77.7037 -22.4736
1 -31.0055 -48.0476 -16.4946 -29.6386 -17.6186 -46.8663 -32.9834 -34.755
1 -46.387 -36.8644 -16.4946 -29.6386 -32.9834 -34.755 -33.4998 -32.6186
0 34.9974 -32.6199 36.299 -32.9561 46.4763 -49.2465 53.0922 -23.6319
1 29.6713 -48.638 34.9974 -32.6199 46.4763 -49.2465 15.8479 -39.0623
1 36.299 -32.9561 59.308 -29.2788 55.1619 -36.5817 53.0922 -23.6319
1 36.299 -32.9561 51.9368 -43.6806 46.4763 -49.2465 55.1619 -36.5817
1 88.9152 -41.5359 85.0538 -28.384 81.5566 -41.7055 95.1975 -37.7005
1 68.253 -40.1169 85.0538 -28.384 81.5566 -41.7055 71.3428 -27.0799
1 1.1231 -51.5773 -2.87866 -34.4163 -17.6186 -46.8663 15.8479 -39.0623
1 -69.4568 -44.2523 -66.6551 -30.1346 -59.2017 -41.3244 -77.8167 -37.6301
0 -70.683 -30.1046 -66.6551 -30.1346 -77.8167 -37.6301 -77.7037 -22.4736
0 -46.387 -36.8644 -47.6784 -33.052 -59.2017 -41.3244 -33.4998 -32.6186
1 61.9132 -24.7467 69.8537 -23.7372 67.1 -26.1472 66.5846 -22.0929
0 59.5804 -27.7616 61.9132 -24.7467 67.1 -26.1472 59.2555 -20.0775
1 -88.7338 -39.1923 -70.683 -30.1046 -77.8167 -37.6301 -80.9769 -31.3531
1 -79.7994 -26.7441 -70.683 -30.1046 -80.9769 -31.3531 -77.7037 -22.4736
0 59.3079 -29.2788 59.5804 -27.7616 67.1 -26.1472 53.0922 -23.6319
1 66.7609 -37.8058 69.8537 -23.7372 71.3428 -27.0799 67.1 -26.1472
1 66.7609 -37.8058 59.308 -29.2788 55.1619 -36.5817 67.1 -26.1472
1 -44.8561 -42.9743 -46.387 -36.8644 -59.2017 -41.3244 -32.9834 -34.755
0 -93.4233 -38.9422 -88.7338 -39.1923 -81.8547 -47.8121 -80.9769 -31.3531
1 -88.8187 -53.7881 -93.4233 -38.9422 -97.9422 -52.8018 -81.8547 -47.8121
0 68.0406 -39.985 66.7609 -37.8058 55.1619 -36.5817 71.3428 -27.0799
0 68.0406 -39.985 68.253 -40.1169 57.9344 -48.663 71.3428 -27.0799
1 51.9368 -43.6806 68.0406 -39.985 57.9344 -48.663 55.1619 -36.5817
1 69.9129 -45.7528 68.253 -40.1169 57.9344 -48.663 81.5566 -41.7055
1 -88.7338 -39.1923 -71.2312 -46.1335 -81.8547 -47.8121 -77.8167 -37.6301
1 -44.8561 -42.9743 -33.9753 -49.611 -46.7302 -57.2923 -32.9834 -34.755
0 -52.7091 -49.1078 -44.8561 -42.9743 -46.7302 -57.2923 -59.2017 -41.3244
1 29.6713 -48.638 47.2925 -54.962 43.0282 -58.8541 46.4763 -49.2465
1 21.2875 -60.1514 29.6713 -48.638 43.0282 -58.8541 15.8479 -39.0623
1 5.38946 -56.5936 1.12309 -51.5773 -13.5934 -64.1021 15.8479 -39.0623
0 -9.13177 -53.9722 1.1231 -51.5773 -13.5934 -64.1021 -17.6186 -46.8663
1 92.4119 -49.7005 100 -44.414 96.8178 -48.7377 94.8416 -45.9011
1 88.9152 -41.5359 100 -42.0169 94.8416 -45.9011 95.1975 -37.7005
1 69.9129 -45.7528 85.1682 -47.0364 80.7166 -51.6888 81.5566 -41.7055
1 69.2247 -50.9348 69.9129 -45.7528 80.7166 -51.6888 57.9344 -48.663
1 -69.4568 -44.2523 -52.7091 -49.1078 -62.358 -52.2115 -59.2017 -41.3244
1 -71.2312 -46.1335 -69.4568 -44.2523 -62.358 -52.2115 -77.8167 -37.6301
1 87.4626 -46.1352 88.9152 -41.5359 94.8416 -45.9011 81.5566 -41.7055
1 -31.0055 -48.0476 -9.13177 -53.9722 -20.0447 -55.8235 -17.6186 -46.8663
0 -33.0658 -49.3128 -31.0055 -48.0476 -20.0447 -55.8235 -32.9834 -34.755
0 -33.9753 -49.6111 -33.0658 -49.3128 -24.3788 -60.995 -32.9834 -34.755
0 -34.5168 -52.8799 -33.9753 -49.6111 -24.3788 -60.995 -46.7302 -57.2923
1 -33.0658 -49.3128 -19.253 -60.8889 -24.3788 -60.995 -20.0447 -55.8235
1 -73.7029 -57.0874 -71.2312 -46.1335 -62.358 -52.2115 -81.8547 -47.8121
1 52.3444 -51.6861 51.9368 -43.6806 46.4763 -49.2465 57.9344 -48.663
1 5.38946 -56.5936 19.3943 -61.1617 3.49945 -76.9197 15.8479 -39.0623
1 -6.13845 -71.9665 5.38946 -56.5936 3.49945 -76.9197 -13.5934 -64.1021
1 21.2875 -60.1514 43.4039 -69.2846 35.778 -76.4108 43.0282 -58.8541
0 19.3943 -61.1617 21.2875 -60.1514 35.778 -76.4108 15.8479 -39.0623
0 88.2436 -47.0403 87.4627 -46.1352 86.1499 -53.4002 94.8416 -45.9011
0 85.1682 -47.0364 87.4627 -46.1352 86.1499 -53.4002 81.5566 -41.7055
0 19.4457 -64.4198 19.3943 -61.1617 3.49945 -76.9197 35.778 -76.4108
1 -55.9385 -59.041 -52.7091 -49.1078 -46.7302 -57.2923 -62.358 -52.2115
1 72.3045 -61.5088 69.2247 -50.9348 59.935 -57.7417 80.7166 -51.6888
1 58.076 -53.3916 69.2247 -50.9348 59.935 -57.7417 57.9344 -48.663
1 -35.0737 -66.9886 -34.5168 -52.8799 -24.3788 -60.995 -45.263 -60.1706
1 -52.2397 -61.9137 -34.5168 -52.8799 -45.263 -60.1706 -46.7302 -57.2923
0 88.2436 -47.0403 92.4119 -49.7005 89.9894 -53.5044 94.8416 -45.9011
1 88.0224 -55.1947 88.2436 -47.0403 89.9894 -53.5044 86.1499 -53.4002
1 83.146 -53.4566 85.1682 -47.0364 86.1499 -53.4002 80.7166 -51.6888
1 -100 -59.0692 -88.8187 -53.7881 -93.8523 -61.461 -97.9422 -52.8018
0 -100 -68.8514 -98.4987 -68.9186 -94.5372 -76.7614 -93.8523 -61.461
1 -17.5228 -60.5113 -9.13177 -53.9722 -13.5934 -64.1021 -20.0447 -55.8235
0 22.0253 -70.5435 19.4457 -64.4198 16.6161 -84.4828 35.778 -76.4108
1 5.42438 -88.737 19.4457 -64.4198 16.6161 -84.4828 3.49945 -76.9197
1 -88.8187 -53.7881 -86.2194 -56.073 -93.8523 -61.461 -81.8547 -47.8121
1 -73.7029 -57.0874 -58.0619 -59.8094 -64.6722 -65.5093 -62.358 -52.2115
0 -76.7085 -60.0056 -73.7029 -57.0874 -64.6722 -65.5093 -81.8547 -47.8121
1 93.6042 -51.4084 92.4119 -49.7005 89.9894 -53.5044 96.8178 -48.7377
1 52.3444 -51.6861 58.076 -53.3916 55.3722 -57.2735 57.9344 -48.663
1 49.9353 -54.356 52.3444 -51.6861 55.3722 -57.2735 46.4763 -49.2465
0 -86.2194 -56.073 -80.2718 -59.5405 -91.258 -63.9409 -81.8547 -47.8121
1 -98.4987 -68.9186 -86.2194 -56.073 -91.258 -63.9409 -93.8523 -61.461
1 -73.6816 -72.2944 -76.7085 -60.0056 -84.8117 -70.4699 -64.6722 -65.5093
0 -80.2718 -59.5405 -76.7085 -60.0056 -84.8117 -70.4699 -81.8547 -47.8121
1 92.3234 -59.6141 100 -56.1637 96.0914 -61.4395 93.4596 -55.5844
1 93.6042 -51.4084 100 -54.5454 93.4596 -55.5844 96.8178 -48.7377
1 89.4466 -58.3448 93.6042 -51.4084 93.4596 -55.5844 89.9894 -53.5044
1 -90.1189 -69.263 -80.2718 -59.5405 -84.8117 -70.4699 -91.258 -63.9409
1 54.6682 -63.7432 49.9353 -54.356 49.0479 -60.4621 55.3722 -57.2735
1 47.2925 -54.962 49.9353 -54.356 49.0479 -60.4621 46.4763 -49.2465
0 72.3045 -61.5088 78.1367 -59.8278 84.6528 -65.3449 80.7166 -51.6888
1 70.9445 -65.9303 72.3045 -61.5088 84.6528 -65.3449 59.935 -57.7417
1 57.0603 -63.2885 58.076 -53.3916 59.935 -57.7417 55.3722 -57.2735
1 43.4705 -69.2706 47.2925 -54.962 49.0479 -60.4621 43.0282 -58.8541
0 -55.9386 -59.041 -52.7234 -61.87 -56.5012 -68.3971 -46.7302 -57.2923
0 -58.0619 -59.8094 -55.9386 -59.041 -56.5012 -68.3971 -62.358 -52.2115
1 83.146 -53.4566 88.0224 -55.1947 85.437 -55.4003 86.1499 -53.4002
1 78.1367 -59.8278 83.146 -53.4566 85.437 -55.4003 80.7166 -51.6888
1 -63.2264 -74.4223 -58.0619 -59.8094 -56.5012 -68.3971 -64.6722 -65.5093
1 78.1367 -59.8278 85.8609 -60.4369 84.6528 -65.3449 85.437 -55.4003
1 72.0303 -72.9687 70.9445 -65.9303 57.6971 -69.5033 84.6528 -65.3449
1 57.0603 -63.2885 70.9445 -65.9303 57.6971 -69.5033 59.935 -57.7417
0 89.3349 -58.3463 88.0224 -55.1947 85.437 -55.4003 89.9894 -53.5044
0 89.3349 -58.3463 89.4466 -58.3448 90.1128 -63.1699 89.9894 -53.5044
1 85.8609 -60.4369 89.3349 -58.3463 90.1128 -63.1699 85.437 -55.4003
1 89.4466 -58.3448 92.3234 -59.6142 90.1128 -63.1699 93.4596 -55.5844
0 -52.7234 -61.87 -52.2397 -61.9137 -47.6488 -67.4488 -46.7302 -57.2923
1 -51.5684 -72.6519 -52.7234 -61.87 -56.5012 -68.3971 -47.6488 -67.4488
1 -52.2397 -61.9137 -36.5494 -67.0571 -47.6488 -67.4488 -45.263 -60.1706
1 -30.6258 -73.5373 -35.0737 -66.9886 -44.5876 -74.7211 -24.3788 -60.995
0 -36.5494 -67.0571 -35.0737 -66.9886 -44.5876 -74.7211 -45.263 -60.1706
1 -14.6405 -67.6589 -17.5228 -60.5113 -17.862 -65.8235 -13.5934 -64.1021
1 -19.253 -60.8889 -17.5228 -60.5113 -17.862 -65.8235 -20.0447 -55.8235
1 88.9595 -68.2156 85.8609 -60.4369 84.6528 -65.3449 90.1128 -63.1699
1 95.4571 -70.4417 92.3234 -59.6141 90.1128 -63.1699 96.0914 -61.4395
1 32.947 -85.353 22.0253 -70.5435 23.5676 -85.4158 35.778 -76.4108
1 19.8118 -87.0361 22.0253 -70.5435 23.5676 -85.4158 16.6161 -84.4828
1 -25.9778 -69.9649 -19.253 -60.8889 -17.862 -65.8235 -24.3788 -60.995
1 -50.8812 -73.0899 -36.5494 -67.0571 -44.5876 -74.7211 -47.6488 -67.4488
1 54.6682 -63.7432 57.0603 -63.2885 57.6971 -69.5033 55.3722 -57.2735
1 48.3942 -69.7451 54.6682 -63.7432 57.6971 -69.5033 49.0479 -60.4621
1 72.0303 -72.9688 88.9595 -68.2156 86.7763 -72.9084 84.6528 -65.3449
0 71.9944 -73.2747 72.0303 -72.9687 86.7763 -72.9084 57.6971 -69.5033
1 80.5631 -84.356 71.9944 -73.2747 67.9204 -87.4888 86.7763 -72.9084
0 71.5761 -73.5125 71.9944 -73.2747 67.9204 -87.4888 57.6971 -69.5033
0 95.512 -84.7296 100 -82.4977 99.6667 -98.829 86.7763 -72.9084
0 95.4571 -70.4417 100 -74.1314 86.7763 -72.9084 96.0914 -61.4395
1 43.4705 -69.2706 48.3942 -69.7451 47.2631 -78.9821 49.0479 -60.4621
0 43.4039 -69.2846 43.4705 -69.2706 47.2631 -78.9821 43.0282 -58.8541
1 41.3471 -78.4711 43.4039 -69.2846 47.2631 -78.9821 35.778 -76.4108
1 56.5539 -89.0904 71.5761 -73.5125 67.9204 -87.4888 57.7418 -77.6734
1 51.9145 -73.6201 71.5761 -73.5125 57.7418 -77.6734 57.6971 -69.5033
0 -30.6258 -73.5373 -30.5545 -73.5311 -22.3166 -84.8197 -24.3788 -60.995
1 -34.2852 -81.6076 -30.6258 -73.5373 -22.3166 -84.8197 -44.5876 -74.7211
0 -30.5545 -73.5311 -25.9778 -69.9649 -16.8891 -70.6069 -24.3788 -60.995
1 -30.5545 -73.5311 -9.15335 -81.7037 -22.3166 -84.8197 -16.8891 -70.6069
0 -98.4987 -68.9186 -93.2848 -70.2521 -94.5372 -76.7614 -91.258 -63.9409
0 51.9145 -73.6201 48.3942 -69.7451 47.2631 -78.9821 57.6971 -69.5033
1 -25.9778 -69.9649 -14.6405 -67.6589 -16.8891 -70.6069 -17.862 -65.8235
1 -73.6816 -72.2944 -67.2073 -75.301 -73.0525 -83.5555 -64.6722 -65.5093
0 -75.0616 -73.5345 -73.6816 -72.2944 -73.0525 -83.5555 -84.8117 -70.4699
1 -9.15335 -81.7037 -6.13845 -71.9665 3.49945 -76.9197 -16.8891 -70.6069
0 -14.6405 -67.6589 -6.13845 -71.9665 -16.8891 -70.6069 -13.5934 -64.1021
0 88.9595 -68.2156 95.4571 -70.4417 86.7763 -72.9084 90.1128 -63.1699
1 -79.538 -81.7111 -75.0616 -73.5345 -73.0525 -83.5555 -84.5861 -77.2412
0 -84.6657 -73.8544 -75.0616 -73.5345 -84.5861 -77.2412 -84.8117 -70.4699
0 -93.2848 -70.2522 -90.1189 -69.263 -88.0257 -74.2871 -91.258 -63.9409
1 -90.0798 -78.6864 -93.2848 -70.2522 -94.5372 -76.7614 -88.0257 -74.2871
1 -90.1189 -69.263 -84.6657 -73.8544 -88.0257 -74.2871 -84.8117 -70.4699
0 -67.2073 -75.301 -63.2264 -74.4223 -60.7861 -83.1158 -64.6722 -65.5093
1 -66.9006 -83.8558 -67.2073 -75.301 -73.0525 -83.5555 -60.7861 -83.1158
0 -63.2264 -74.4223 -62.3693 -74.6718 -60.7861 -83.1158 -56.5012 -68.3971
1 -62.3693 -74.6718 -51.5684 -72.6519 -54.6301 -78.4018 -56.5012 -68.3971
1 -55.2126 -84.0175 -62.3693 -74.6718 -60.7861 -83.1158 -54.6301 -78.4018
1 -51.5684 -72.6519 -50.8812 -73.0899 -54.6301 -78.4018 -47.6488 -67.4488
1 53.4276 -85.735 51.9145 -73.6201 47.2631 -78.9821 57.7418 -77.6734
1 -48.3745 -79.9294 -50.8812 -73.0899 -54.6301 -78.4018 -44.5876 -74.7211
0 -8.72132 -83.1155 -9.15335 -81.7037 -22.3166 -84.8197 3.49945 -76.9197
0 -33.1482 -86.9367 -34.2852 -81.6076 -43.9006 -89.4249 -22.3166 -84.8197
0 -43.8716 -82.0556 -34.2852 -81.6076 -43.9006 -89.4249 -44.5876 -74.7211
1 -8.72132 -83.1155 -1.62234 -86.8217 -6.8193 -96.6845 3.49945 -76.9197
1 -21.6482 -100 -8.72132 -83.1155 -6.8193 -96.6845 -22.3166 -84.8197
1 93.6002 -100 95.512 -84.7296 99.6667 -98.829 88.0096 -97.3696
1 85.2442 -85.2473 95.512 -84.7296 88.0096 -97.3696 86.7763 -72.9084
1 -88.4959 -78.314 -84.6657 -73.8544 -84.5861 -77.2412 -88.0257 -74.2871
1 80.5631 -84.356 85.2442 -85.2473 82.1349 -97.2859 86.7763 -72.9084
0 78.6972 -87.0632 80.5631 -84.356 82.1349 -97.2859 67.9204 -87.4888
1 41.3471 -78.4711 51.0163 -85.2334 43.8568 -83.8527 47.2631 -78.9821
1 34.3462 -86.0711 41.3471 -78.4711 43.8568 -83.8527 35.778 -76.4108
1 85.0342 -100 85.2442 -85.2473 88.0096 -97.3696 82.1349 -97.2859
1 -48.3745 -79.9294 -43.8716 -82.0556 -49.9902 -86.1629 -44.5876 -74.7211
1 -55.2126 -84.0175 -48.3745 -79.9294 -49.9902 -86.1629 -54.6301 -78.4018
0 -90.0798 -78.6864 -88.4959 -78.314 -86.2807 -81.7097 -88.0257 -74.2871
1 -95.0103 -86.9131 -90.0798 -78.6864 -86.2807 -81.7097 -94.5372 -76.7614
1 -88.4959 -78.314 -79.538 -81.7111 -86.2807 -81.7097 -84.5861 -77.2412
1 -48.2842 -90.2931 -43.8716 -82.0556 -43.9006 -89.4249 -49.9902 -86.1629
0 -79.5851 -82.0482 -79.538 -81.7111 -73.0525 -83.5555 -86.2807 -81.7097
1 -74.0336 -88.3341 -79.5851 -82.0482 -78.8969 -88.717 -73.0525 -83.5555
1 -84.7341 -87.4739 -79.5851 -82.0482 -78.8969 -88.717 -86.2807 -81.7097
1 -1.62234 -86.8217 5.42439 -88.737 -2.21756 -97.954 3.49945 -76.9197
1 -5.258 -100 -1.62234 -86.8217 -2.21756 -97.954 -6.8193 -96.6845
1 -21.7506 -100 -33.1482 -86.9367 -36.7141 -97.3813 -22.3166 -84.8197
1 -43.5281 -96.3121 -33.1482 -86.9367 -36.7141 -97.3813 -43.9006 -89.4249
0 32.947 -85.353 34.3462 -86.0711 27.3318 -92.8661 35.778 -76.4108
0 26.2773 -88.7228 32.947 -85.353 27.3318 -92.8661 23.5676 -85.4158
1 75.2218 -100 78.6972 -87.0632 82.1349 -97.2859 70.5995 -94.187
1 69.2579 -90.8387 78.6972 -87.0632 70.5995 -94.187 67.9204 -87.4888
1 35.7097 -88.5711 34.3462 -86.0711 27.3318 -92.8661 43.8568 -83.8527
0 56.5539 -89.0904 53.4276 -85.735 45.0815 -89.4694 57.7418 -77.6734
0 51.0163 -85.2334 53.4276 -85.735 45.0815 -89.4694 47.2631 -78.9821
0 -95.0103 -86.9131 -92.6406 -88.2502 -94.9514 -97.0757 -86.2807 -81.7097
1 10.6351 -96.022 5.42439 -88.737 -2.21756 -97.954 16.6161 -84.4828
0 56.7644 -91.5172 56.5539 -89.0904 45.0815 -89.4694 67.9204 -87.4888
0 -65.3869 -85.8668 -66.9007 -83.8558 -69.3034 -89.527 -60.7861 -83.1158
1 -74.0336 -88.3341 -66.9006 -83.8558 -69.3034 -89.527 -73.0525 -83.5555
1 35.7097 -88.5711 51.0163 -85.2334 45.0815 -89.4694 43.8568 -83.8527
1 -56.6936 -89.2647 -55.2126 -84.0175 -49.9902 -86.1629 -60.7861 -83.1158
1 -92.6406 -88.2503 -84.7341 -87.4739 -85.13 -93.4289 -86.2807 -81.7097
1 -89.9125 -95.5977 -92.6406 -88.2503 -94.9514 -97.0757 -85.13 -93.4289
1 36.3429 -91.8798 35.7097 -88.5711 27.3318 -92.8661 45.0815 -89.4694
1 56.7644 -91.5172 69.2579 -90.8387 68.291 -94.3137 67.9204 -87.4888
1 56.2209 -94.1209 56.7644 -91.5172 68.291 -94.3137 45.0815 -89.4694
1 -63.8809 -87.6382 -65.3869 -85.8668 -68.8424 -89.965 -60.7861 -83.1158
1 -74.2923 -95.2389 -65.3869 -85.8668 -68.8424 -89.965 -69.3034 -89.527
0 -83.1049 -89.6292 -84.7341 -87.4739 -85.13 -93.4289 -78.8969 -88.717
1 -56.2285 -90.1455 -56.6936 -89.2647 -63.0348 -93.0524 -49.9902 -86.1629
1 -63.8809 -87.6382 -56.6936 -89.2647 -63.0348 -93.0524 -60.7861 -83.1158
1 56.6776 -100 56.2209 -94.1209 44.3254 -96.1754 68.291 -94.3137
1 36.3429 -91.8798 56.2209 -94.1209 44.3254 -96.1754 45.0815 -89.4694
1 -70.4527 -100 -63.8809 -87.6382 -63.0348 -93.0524 -68.8424 -89.965
1 -56.2285 -90.1455 -48.2842 -90.2931 -50.1425 -94.3572 -49.9902 -86.1629
1 -57.2258 -100 -56.2285 -90.1455 -50.1425 -94.3572 -63.0348 -93.0524
0 36.2464 -92.3755 36.3429 -91.8798 44.3254 -96.1754 27.3318 -92.8661
1 19.8118 -87.0361 26.2773 -88.7228 22.2974 -90.2848 23.5676 -85.4158
1 10.6351 -96.022 19.8118 -87.0361 22.2974 -90.2848 16.6161 -84.4828
0 11.8796 -100 10.6351 -96.022 -2.21756 -97.954 22.2974 -90.2848
1 36.2464 -92.3755 45.4298 -100 41.4674 -99.6179 44.3254 -96.1754
1 32.6046 -100 36.2464 -92.3755 41.4674 -99.6179 27.3318 -92.8661
1 -74.5516 -94.4686 -74.0336 -88.3341 -69.3034 -89.527 -78.8969 -88.717
1 20.495 -100 26.2773 -88.7228 27.3318 -92.8661 22.2974 -90.2848
1 -21.6975 -100 -21.6975 -100 -36.7141 -97.3813 -6.8193 -96.6845
1 -83.1049 -89.6292 -74.5516 -94.4686 -81.7197 -93.706 -78.8969 -88.717
1 -83.9474 -100 -83.1049 -89.6292 -81.7197 -93.706 -85.13 -93.4289
1 -43.5281 -96.3121 -48.2842 -90.2931 -50.1425 -94.3572 -43.9006 -89.4249
1 69.7609 -100 69.2579 -90.8387 68.291 -94.3137 70.5995 -94.187
0 -74.2923 -95.2389 -74.5516 -94.4686 -81.7197 -93.706 -69.3034 -89.527
0 -72.9092 -100 -74.2923 -95.2389 -81.7197 -93.706 -68.8424 -89.965
1 13.3474 -100 13.3474 -100 -2.21756 -97.954 27.3318 -92.8661
0 -44.3586 -100 -43.5281 -96.3121 -36.7141 -97.3813 -50.1425 -94.3572
1 -72.1457 -100 -72.1457 -100 -81.7197 -93.706 -63.0348 -93.0524
1 -87.4382 -100 -89.9125 -95.5977 -94.2514 -98.5555 -85.13 -93.4289
1 55.4792 -100 55.4792 -100 41.4674 -99.6179 68.291 -94.3137
1 19.5787 -100 19.5787 -100 41.4674 -99.6179 -2.21756 -97.954
1 -77.9034 -100 -77.9034 -100 -94.2514 -98.5555 -63.0348 -93.0524
1 -86.4882 -100 -86.4882 -100 -94.2514 -98.5555 -81.7197 -93.706
1 -71.8597 -100 -71.8597 -100 -94.2514 -98.5555 -50.1425 -94.3572
1 -65.4413 -100 -65.4413 -100 -94.2514 -98.5555 -36.7141 -97.3813
1 74.3112 -100 74.3112 -100 82.1349 -97.2859 68.291 -94.3137
1 61.8899 -100 61.8899 -100 41.4674 -99.6179 82.1349 -97.2859
1 -19.5045 -100 -19.5045 -100 -2.21756 -97.954 -36.7141 -97.3813
1 90.7298 -100 90.7298 -100 99.6667 -98.829 82.1349 -97.2859
1 -48.2231 -100 -48.2231 -100 -94.2514 -98.5555 -2.21756 -97.954
