0 83.0386 -100 82.9721 -99.7537 71.3036 -99.7346 93.0442 -93.8625
1 97.3933 -100 90.533 -81.3297 93.0442 -93.8625 96.7339 -92.5068
0 98.5084 -75.6913 100 -75.7595 96.7339 -92.5068 98.277 -58.784
1 100 -8.18687 100 -8.18687 98.277 -58.784 99.872 42.4394
0 99.3981 60.309 100 60.3365 99.872 42.4394 98.2406 78.1473
1 71.5649 100 71.5649 100 98.2406 78.1473 37.1619 97.6397
1 27.9779 100 27.9779 100 37.1619 97.6397 18.5005 99.6901
1 -10.2354 100 -10.2354 100 -38.9463 98.7653 18.5005 99.6901
1 -63.0746 100 -63.0746 100 -86.7238 95.0585 -38.9463 98.7653
1 -100 31.3775 -100 31.3775 -99.9993 -33.6727 -86.7238 95.0585
1 -100 -63.9708 -100 -63.9708 -91.9892 -93.1907 -99.9993 -33.6727
1 -76.8613 -100 -76.8613 -100 -60.4543 -97.5447 -91.9892 -93.1907
1 5.40206 -100 5.40206 -100 71.3036 -99.7346 -60.4543 -97.5447
1 -100 47.3586 -100 47.3586 -96.1255 -2.00259 -86.7238 95.0585
1 -100 -17.6006 -100 -17.6006 -99.9993 -33.6727 -96.1255 -2.00259
1 -100 75.3657 -100 75.3657 -90.0985 53.7781 -86.7238 95.0585
1 -100 26.632 -100 26.632 -96.1255 -2.00259 -90.0985 53.7781
0 -100 37.2334 -99.3881 37.1731 -93.5222 19.0729 -90.0985 53.7781
1 -100 9.17451 -100 9.17451 -96.1255 -2.00259 -93.5222 19.0729
1 96.3056 -50.6106 100 -50.4299 98.277 -58.784 97.4696 -42.2839
1 100 0.04006 100 0.04006 97.4696 -42.2839 99.872 42.4394
1 90.2126 100 90.2126 100 98.2406 78.1473 73.5807 83.7097
1 58.9382 100 58.9382 100 73.5807 83.7097 37.1619 97.6397
1 16.634 87.6688 14.2521 100 10.4248 98.1302 18.5005 99.6901
1 -14.2408 100 -14.2408 100 10.4248 98.1302 -38.9463 98.7653
1 -36.8806 73.4892 -45.4612 100 -50.017 95.1821 -38.9463 98.7653
1 -68.3868 100 -68.3868 100 -86.7238 95.0585 -50.017 95.1821
1 3.63953 100 3.63953 100 0.443725 93.7292 10.4248 98.1302
1 -20.9238 83.1656 -18.7715 100 0.443725 93.7292 -38.9463 98.7653
1 -100 80.4033 -100 80.4033 -87.1678 65.3577 -86.7238 95.0585
1 -100 62.4447 -79.3187 57.2105 -90.0985 53.7781 -87.1678 65.3577
1 -46.1132 72.6432 -60.9547 100 -62.8792 88.2041 -50.017 95.1821
0 -74.7231 91.904 -72.3958 100 -62.8792 88.2041 -86.7238 95.0585
0 63.7515 87.8698 63.2007 100 54.3399 82.8359 73.5807 83.7097
0 52.7504 98.3599 54.1638 100 54.3399 82.8359 37.1619 97.6397
1 100 -26.1106 100 -26.1106 97.4696 -42.2839 92.1528 -11.744
1 100 14.7796 100 14.7796 92.1528 -11.744 99.872 42.4394
1 93.2301 64.5745 91.4662 100 86.896 77.5824 98.2406 78.1473
0 83.41 87.5383 89.1445 100 86.896 77.5824 73.5807 83.7097
1 -100 86.79 -76.2454 90.9094 -84.7149 83.4745 -86.7238 95.0585
1 -100 76.3195 -84.1906 74.179 -87.1678 65.3577 -84.7149 83.4745
1 45.9809 86.0769 52.7504 98.3599 54.3399 82.8359 38.7767 91.4132
1 33.5367 93.3769 52.7504 98.3599 38.7767 91.4132 37.1619 97.6397
1 33.5367 93.3769 28.339 100 28.5342 90.8689 37.1619 97.6397
1 16.7014 87.5266 27.6674 100 28.5342 90.8689 18.5005 99.6901
1 4.25709 100 16.634 87.6688 6.14975 93.8393 10.4248 98.1302
1 3.38449 89.2347 3.17685 100 0.443725 93.7292 6.14975 93.8393
0 -20.9238 83.1656 -17.1727 81.4025 -15.4223 59.973 0.443725 93.7292
1 -36.8806 73.4892 -20.9238 83.1656 -15.4223 59.973 -38.9463 98.7653
0 -69.9594 84.2349 -74.7231 91.904 -76.6553 79.647 -62.8792 88.2041
0 -76.2454 90.9094 -74.7231 91.904 -76.6553 79.647 -86.7238 95.0585
1 -17.1727 81.4025 3.38448 89.2347 4.17996 83.9229 0.443725 93.7292
0 -17.1727 81.4025 -9.91659 75.4636 -15.4223 59.973 4.17996 83.9229
1 -84.1906 74.179 -76.2454 90.9094 -76.6553 79.647 -84.7149 83.4745
0 16.7014 87.5266 16.634 87.6688 6.14975 93.8393 18.5005 99.6901
0 16.5802 86.6135 16.7014 87.5266 28.5342 90.8689 6.14975 93.8393
0 16.5854 86.5953 16.5802 86.6135 4.17996 83.9229 28.5342 90.8689
1 3.38448 89.2347 16.5802 86.6135 4.17996 83.9229 6.14975 93.8393
1 16.5854 86.5953 23.9882 82.5301 19.3912 74.2193 28.5342 90.8689
1 6.00549 70.0102 16.5854 86.5953 19.3912 74.2193 4.17996 83.9229
1 33.9549 85.5074 33.5367 93.3769 28.5342 90.8689 38.7767 91.4132
0 -39.6879 70.7308 -36.8806 73.4892 -15.4223 59.973 -50.017 95.1821
1 63.7515 87.8698 72.7497 81.3892 70.8121 79.8656 73.5807 83.7097
1 61.9607 77.9385 63.7515 87.8698 70.8121 79.8656 54.3399 82.8359
1 78.1274 69.1334 83.41 87.5383 86.896 77.5824 75.1745 80.9467
1 72.7497 81.3892 83.41 87.5383 75.1745 80.9467 73.5807 83.7097
0 -39.4027 67.484 -39.6879 70.7308 -61.7065 55.9074 -15.4223 59.973
0 -46.1132 72.6432 -39.6879 70.7308 -61.7065 55.9074 -50.017 95.1821
0 -52.863 72.3981 -46.1132 72.6432 -61.7065 55.9074 -62.8792 88.2041
1 48.1756 75.1025 45.9809 86.0769 39.5112 79.8705 54.3399 82.8359
1 34.315 85.3346 45.9809 86.0769 39.5112 79.8705 38.7767 91.4132
0 33.9549 85.5074 34.315 85.3346 32.3633 78.0512 38.7767 91.4132
1 23.9882 82.5301 33.9549 85.5074 32.3633 78.0512 28.5342 90.8689
1 38.1061 70.4394 34.315 85.3346 32.3633 78.0512 39.5112 79.8705
1 -39.4027 67.484 -15.0275 52.2812 -22.1088 49.2522 -15.4223 59.973
0 -40.9235 58.4357 -39.4027 67.484 -22.1088 49.2522 -61.7065 55.9074
1 -62.1423 75.3036 -69.9594 84.2349 -74.8315 77.7429 -62.8792 88.2041
1 -82.0797 72.626 -69.9594 84.2349 -74.8315 77.7429 -76.6553 79.647
0 25.0714 78.8632 23.9882 82.5301 19.3912 74.2193 32.3633 78.0512
1 -9.91659 75.4636 6.00549 70.0102 -3.96638 60.1382 4.17996 83.9229
1 -9.59639 53.2673 -9.91659 75.4636 -15.4223 59.973 -3.96638 60.1382
0 -54.3434 71.0496 -52.863 72.3982 -61.7065 55.9074 -70.1049 65.1271
0 -62.1423 75.3037 -52.863 72.3982 -70.1049 65.1271 -62.8792 88.2041
1 -78.5836 69.1438 -62.1423 75.3036 -70.1049 65.1271 -74.8315 77.7429
1 -66.9429 53.5846 -54.3434 71.0496 -61.7065 55.9074 -66.3903 59.2864
1 -77.3631 56.4094 -54.3434 71.0496 -66.3903 59.2864 -70.1049 65.1271
1 61.9607 77.9385 74.5982 70.6462 64.7215 69.3107 70.8121 79.8656
1 57.0691 74.1839 61.9607 77.9385 64.7215 69.3107 54.3399 82.8359
1 27.2293 74.4964 25.0714 78.8632 21.2868 72.5777 32.3633 78.0512
1 13.038 64.9676 25.0714 78.8632 21.2868 72.5777 19.3912 74.2193
1 48.1756 75.1025 57.0691 74.1839 52.6291 66.2724 54.3399 82.8359
1 43.2626 70.363 48.1756 75.1025 52.6291 66.2724 39.5112 79.8705
0 7.14992 68.1118 6.00549 70.0102 -3.96638 60.1382 19.3912 74.2193
1 75.4645 70.4349 72.7497 81.3892 70.8121 79.8656 75.1745 80.9467
0 -84.1906 74.179 -82.0797 72.626 -87.1678 65.3577 -76.6553 79.647
1 59.6308 63.9885 57.0691 74.1839 52.6291 66.2724 64.7215 69.3107
0 7.14992 68.1118 11.7255 64.7139 4.84214 54.6276 19.3912 74.2193
1 -4.10842 50.1158 7.14992 68.1118 4.84214 54.6276 -3.96638 60.1382
1 -82.0797 72.626 -78.5836 69.1438 -87.1678 65.3577 -74.8315 77.7429
0 79.274 67.4274 78.1274 69.1334 66.9924 64.2053 86.896 77.5824
0 75.4645 70.4349 78.1274 69.1334 66.9924 64.2053 75.1745 80.9467
0 74.5982 70.6462 75.4645 70.4349 66.9924 64.2053 70.8121 79.8656
1 27.2293 74.4964 35.0746 69.2204 25.8735 68.4008 32.3633 78.0512
1 18.9802 65.4381 27.2293 74.4964 25.8735 68.4008 21.2868 72.5777
1 59.6308 63.9885 74.5982 70.6462 66.9924 64.2053 64.7215 69.3107
0 45.6426 64.3482 43.2626 70.363 39.2312 60.9708 52.6291 66.2724
1 38.1061 70.4394 43.2626 70.363 39.2312 60.9708 39.5112 79.8705
1 79.274 67.4274 93.2301 64.5745 82.2993 55.0959 86.896 77.5824
1 68.4955 49.3159 79.274 67.4274 82.2993 55.0959 66.9924 64.2053
1 35.0746 69.2204 38.1061 70.4394 39.2312 60.9708 32.3633 78.0512
1 -42.1441 42.3431 -40.9235 58.4357 -22.1088 49.2522 -60.908 52.195
1 -65.5811 53.1319 -40.9235 58.4357 -60.908 52.195 -61.7065 55.9074
0 93.2301 64.5745 99.3981 60.309 82.2993 55.0959 98.2406 78.1473
1 -78.7431 57.3443 -78.5836 69.1438 -70.1049 65.1271 -87.1678 65.3577
1 30.6267 61.2239 35.0746 69.2204 39.2312 60.9708 25.8735 68.4008
1 89.2481 46.2163 99.3981 60.309 99.872 42.4394 82.2993 55.0959
0 11.7255 64.7139 13.038 64.9676 22.3816 58.7503 19.3912 74.2193
1 15.3356 49.3557 11.7256 64.7139 4.84214 54.6276 22.3816 58.7503
0 13.038 64.9676 18.9802 65.4381 22.3816 58.7503 21.2868 72.5777
1 18.9802 65.4381 30.6267 61.2239 22.3816 58.7503 25.8735 68.4008
1 48.3576 60.8492 45.6427 64.3482 42.0433 58.0587 52.6291 66.2724
1 31.9566 51.1324 45.6427 64.3482 42.0433 58.0587 39.2312 60.9708
0 59.5716 63.5768 59.6308 63.9885 66.9924 64.2053 52.6291 66.2724
1 66.6651 49.4735 59.5716 63.5768 54.6426 57.9937 66.9924 64.2053
1 48.3575 60.8492 59.5716 63.5768 54.6426 57.9937 52.6291 66.2724
1 31.9566 51.1324 30.6267 61.2239 22.3816 58.7503 39.2312 60.9708
0 -78.7431 57.3443 -77.3631 56.4094 -82.7682 46.4362 -70.1049 65.1271
0 -79.3187 57.2105 -78.7431 57.3443 -82.7682 46.4362 -87.1678 65.3577
1 -99.3881 37.1731 -79.3187 57.2105 -82.7682 46.4362 -90.0985 53.7781
1 -74.0249 52.1548 -77.3631 56.4094 -82.7682 46.4362 -66.3903 59.2864
1 48.3219 53.9349 48.3575 60.8492 54.6426 57.9937 42.0433 58.0587
0 68.4955 49.3159 68.7221 49.1158 64.4699 34.9024 82.2993 55.0959
0 66.6651 49.4735 68.4955 49.3159 64.4699 34.9024 66.9924 64.2053
0 59.6437 46.4853 66.6651 49.4735 64.4699 34.9024 54.6426 57.9937
1 68.7221 49.1158 89.2481 46.2163 80.1116 39.6089 82.2993 55.0959
1 72.3691 36.9952 68.7221 49.1158 64.4699 34.9024 80.1116 39.6089
0 -42.1441 42.3431 -32.155 39.2885 -29.3994 25.4102 -22.1088 49.2522
0 -43.2146 41.0838 -42.1441 42.3431 -29.3994 25.4102 -60.908 52.195
0 31.8165 47.1478 31.9566 51.1324 42.0433 58.0587 22.3816 58.7503
0 -74.025 52.1548 -73.7045 52.1617 -66.0873 45.3621 -66.3903 59.2864
1 -75.0589 36.0977 -74.025 52.1548 -66.0873 45.3621 -82.7682 46.4362
0 -73.7045 52.1617 -66.9429 53.5846 -64.1392 48.5892 -66.3903 59.2864
1 -73.7045 52.1617 -51.0582 38.4913 -66.0873 45.3621 -64.1392 48.5892
1 -9.59639 53.2673 -4.10842 50.1158 -12.693 44.9416 -3.96638 60.1382
1 -15.0275 52.2812 -9.59639 53.2673 -12.693 44.9416 -15.4223 59.973
0 31.8165 47.1478 31.9678 47.1316 39.4988 34.3175 42.0433 58.0587
1 25.0584 42.4133 31.8165 47.1478 39.4988 34.3175 22.3816 58.7503
0 31.9678 47.1316 34.2813 47.785 46.2706 43.0886 42.0433 58.0587
1 31.9678 47.1316 52.0543 31.6236 39.4988 34.3175 46.2706 43.0886
1 -35.0477 16.4226 -43.2146 41.0838 -44.944 20.2625 -29.3994 25.4102
0 -46.5101 39.4363 -43.2146 41.0838 -44.944 20.2625 -60.908 52.195
0 97.6573 5.11972 100 5.32724 92.1528 -11.744 89.2742 20.7532
1 91.0991 33.2941 100 28.9442 89.2742 20.7532 99.872 42.4394
1 48.3219 53.9349 59.6437 46.4853 47.0957 46.5239 54.6426 57.9937
1 34.2813 47.785 48.3219 53.9349 47.0957 46.5239 42.0433 58.0587
1 15.3356 49.3557 25.0584 42.4133 8.73721 39.6415 22.3816 58.7503
1 -1.30017 45.0319 15.3356 49.3557 8.73721 39.6415 4.84214 54.6276
0 -100 -10.5766 -99.1643 -10.5902 -96.4062 -19.272 -96.1255 -2.00259
1 -100 -26.0239 -91.9849 -28.0238 -99.9993 -33.6727 -96.4062 -19.272
1 34.2813 47.785 56.8821 42.3567 46.2706 43.0886 47.0957 46.5239
1 -1.30017 45.0319 -4.10842 50.1158 -12.693 44.9416 4.84214 54.6276
0 -16.2436 49.6248 -15.0275 52.2812 -12.693 44.9416 -22.1088 49.2522
0 -66.9429 53.5846 -65.5811 53.1319 -64.1392 48.5892 -61.7065 55.9074
0 56.8821 42.3567 59.6437 46.4853 64.4699 34.9024 47.0957 46.5239
0 24.2171 37.5522 25.0584 42.4133 39.4988 34.3175 8.73721 39.6415
1 -46.1609 7.72426 -46.5101 39.4363 -47.6536 20.2326 -44.944 20.2625
0 -47.9291 38.8478 -46.5101 39.4363 -47.6536 20.2326 -60.908 52.195
1 -65.5811 53.1319 -49.5562 38.772 -64.1392 48.5892 -60.908 52.195
1 91.0991 33.2941 89.2481 46.2163 80.1116 39.6089 99.872 42.4394
1 -54.8806 18.6668 -47.9291 38.8478 -47.6536 20.2326 -59.6102 24.3512
0 -49.5562 38.772 -47.9291 38.8478 -59.6102 24.3512 -60.908 52.195
1 -3.4407 36.377 -1.30017 45.0319 8.73721 39.6415 -12.693 44.9416
0 -51.0582 38.4913 -49.5562 38.772 -59.6102 24.3512 -64.1392 48.5892
0 -99.3881 37.1731 -90.4466 33.659 -93.5222 19.0729 -82.7682 46.4362
1 -14.877 33.2634 -16.2436 49.6248 -18.9681 44.4174 -12.693 44.9416
1 -32.155 39.2885 -16.2436 49.6248 -18.9681 44.4174 -22.1088 49.2522
1 -66.3279 33.7841 -51.0582 38.4913 -59.6102 24.3512 -66.0873 45.3621
1 -32.155 39.2885 -23.4937 34.5351 -29.3994 25.4102 -18.9681 44.4174
1 27.3074 28.5997 24.2171 37.5522 14.1847 25.5796 39.4988 34.3175
1 3.28507 29.4432 24.2171 37.5522 14.1847 25.5796 8.73721 39.6415
1 52.0543 31.6236 56.8821 42.3567 64.4699 34.9024 46.2706 43.0886
0 -75.0589 36.0977 -73.7811 35.318 -79.1938 23.8821 -66.0873 45.3621
1 -90.4466 33.659 -75.0589 36.0977 -79.1938 23.8821 -82.7682 46.4362
1 3.28507 29.4432 -3.4407 36.377 -7.07443 24.3041 8.73721 39.6415
1 -14.877 33.2634 -3.4407 36.377 -7.07443 24.3041 -12.693 44.9416
0 -86.5369 22.0104 -90.4466 33.659 -93.5222 19.0729 -79.1938 23.8821
1 -73.7811 35.318 -66.3279 33.7841 -70.6788 23.052 -66.0873 45.3621
1 -75.4617 18.0772 -73.7811 35.318 -70.6788 23.052 -79.1938 23.8821
1 79.5074 27.6613 91.0991 33.2941 89.2742 20.7532 80.1116 39.6089
1 -23.4937 34.5351 -16.309 32.4166 -25.0539 23.7784 -18.9681 44.4174
1 -30.493 15.8958 -23.4937 34.5351 -25.0539 23.7784 -29.3994 25.4102
1 -65.0231 22.6669 -66.3279 33.7841 -70.6788 23.052 -59.6102 24.3512
1 79.5074 27.6613 72.3691 36.9952 67.8187 30.2076 80.1116 39.6089
1 52.2644 22.6545 72.3691 36.9952 67.8187 30.2076 64.4699 34.9024
0 -16.309 32.4166 -14.877 33.2634 -7.07443 24.3041 -18.9681 44.4174
1 -15.9818 21.2232 -16.309 32.4166 -25.0539 23.7784 -7.07443 24.3041
0 52.2644 22.6545 52.0543 31.6236 39.4988 34.3175 64.4699 34.9024
1 27.3074 28.5997 36.1123 21.0327 23.4877 15.6871 39.4988 34.3175
1 15.0053 17.0307 27.3074 28.5997 23.4877 15.6871 14.1847 25.5796
1 3.70214 22.4917 3.28507 29.4432 -7.07443 24.3041 14.1847 25.5796
0 52.078 21.3698 52.2644 22.6545 67.8187 30.2076 39.4988 34.3175
1 78.38 25.1028 79.5074 27.6613 89.2742 20.7532 67.8187 30.2076
0 52.078 21.3698 55.5682 17.9826 43.7152 5.37167 67.8187 30.2076
1 41.3058 19.8007 52.078 21.3698 43.7152 5.37167 39.4988 34.3175
1 90.7288 9.99816 78.38 25.1028 80.4774 13.5615 89.2742 20.7532
1 64.0868 14.2334 78.38 25.1028 80.4774 13.5615 67.8187 30.2076
1 55.5682 17.9826 64.0868 14.2334 54.8282 0.691508 67.8187 30.2076
1 47.2072 -1.87052 55.5682 17.9826 54.8282 0.691508 43.7152 5.37167
1 36.1123 21.0327 41.3058 19.8007 33.1709 7.64229 39.4988 34.3175
1 24.1824 6.67312 36.1123 21.0327 33.1709 7.64229 23.4877 15.6871
1 38.417 6.38587 41.3058 19.8007 43.7152 5.37167 33.1709 7.64229
1 3.70214 22.4917 10.0309 16.7017 1.55673 11.7764 14.1847 25.5796
1 -2.96554 17.8978 3.70214 22.4917 1.55673 11.7764 -7.07443 24.3041
1 -15.9818 21.2232 -2.96554 17.8978 -9.64368 14.2475 -7.07443 24.3041
1 -21.2981 12.6275 -15.9818 21.2232 -9.64368 14.2475 -25.0539 23.7784
0 65.4162 11.584 64.0868 14.2334 54.8282 0.691508 80.4774 13.5615
1 -86.5369 22.0104 -81.7179 17.8596 -87.2999 14.4711 -79.1938 23.8821
1 -92.6931 13.6863 -86.5369 22.0104 -87.2999 14.4711 -93.5222 19.0729
0 -100 12.3632 -92.6931 13.6863 -91.5807 8.35104 -93.5222 19.0729
1 -100 5.87244 -91.8121 2.27831 -96.1255 -2.00259 -91.5807 8.35104
1 -65.0231 22.6669 -54.8806 18.6668 -62.2171 17.7412 -59.6102 24.3512
1 -70.2895 14.2759 -65.0231 22.6669 -62.2171 17.7412 -70.6788 23.052
1 -35.0477 16.4226 -30.493 15.8958 -31.6001 6.38289 -29.3994 25.4102
1 -45.1079 6.75066 -35.0477 16.4226 -31.6001 6.38289 -44.944 20.2625
1 65.4162 11.584 90.7288 9.99816 80.1129 7.74215 80.4774 13.5615
1 68.3092 1.20919 65.4162 11.584 54.8282 0.691508 80.1129 7.74215
1 10.0309 16.7017 15.0053 17.0307 15.3176 8.44818 14.1847 25.5796
1 7.34416 5.59311 10.0309 16.7017 15.3176 8.44818 1.55673 11.7764
0 -54.0045 13.5457 -54.8806 18.6668 -62.2171 17.7412 -47.6536 20.2326
1 24.1824 6.67312 15.0053 17.0307 15.3176 8.44818 23.4877 15.6871
1 -5.81131 4.99892 -2.96554 17.8978 1.55673 11.7764 -9.64368 14.2475
1 -30.493 15.8958 -22.4845 12.882 -31.6001 6.38289 -25.0539 23.7784
1 -75.4617 18.0772 -70.2895 14.2759 -78.7815 12.0271 -70.6788 23.052
1 -81.7179 17.8596 -75.4617 18.0772 -78.7815 12.0271 -79.1938 23.8821
1 -18.6766 7.60006 -21.2981 12.6275 -29.2979 3.99882 -9.64368 14.2475
0 -22.4845 12.882 -21.2981 12.6275 -29.2979 3.99882 -25.0539 23.7784
1 -84.5496 7.99008 -81.7179 17.8596 -78.7815 12.0271 -87.2999 14.4711
1 -37.2799 -1.40567 -22.4845 12.882 -29.2979 3.99882 -31.6001 6.38289
0 -68.5383 9.19941 -70.2895 14.2759 -78.7815 12.0271 -62.2171 17.7412
1 81.9753 -4.56976 97.6573 5.11973 92.1528 -11.744 80.1129 7.74215
0 90.7288 9.99816 97.6573 5.11971 80.1129 7.74215 89.2742 20.7532
1 -54.0045 13.5457 -46.1609 7.72426 -58.5655 5.53032 -47.6536 20.2326
1 -68.5383 9.19942 -54.0045 13.5457 -58.5655 5.53032 -62.2171 17.7412
0 -46.1609 7.72426 -45.1079 6.75065 -58.5655 5.53032 -44.944 20.2625
1 -45.0141 3.78247 -45.1079 6.75066 -58.5655 5.53032 -31.6001 6.38289
1 -72.7668 -3.95838 -68.5383 9.19941 -58.5655 5.53032 -78.7815 12.0271
1 -92.6931 13.6863 -84.5496 7.99008 -91.5807 8.35104 -87.2999 14.4711
1 -18.6766 7.60006 -5.81131 4.99892 -12.9356 -2.03438 -9.64368 14.2475
1 -23.5207 -5.53733 -18.6766 7.60006 -12.9356 -2.03438 -29.2979 3.99882
0 -43.8729 1.92777 -45.0141 3.78247 -53.3815 -7.01947 -31.6001 6.38289
1 -65.4948 -4.67756 -45.0141 3.78247 -53.3815 -7.01947 -58.5655 5.53032
0 24.095 4.73703 24.1824 6.67312 33.1709 7.64229 15.3176 8.44818
0 -82.5235 0.935932 -84.5496 7.99008 -91.5807 8.35104 -78.7815 12.0271
1 -4.81436 3.95277 -5.81131 4.99892 -12.9356 -2.03438 1.55673 11.7764
0 -43.8729 1.92777 -37.2799 -1.40567 -40.1853 -10.597 -31.6001 6.38289
1 -48.4383 -14.9124 -43.8729 1.92777 -40.1853 -10.597 -53.3815 -7.01947
1 68.3092 1.20918 74.2882 -3.1815 65.6088 -12.0088 80.1129 7.74215
1 58.0908 -7.46472 68.3092 1.20919 65.6088 -12.0088 54.8282 0.691508
1 24.095 4.73703 38.417 6.38587 33.5937 3.97021 33.1709 7.64229
0 23.2899 1.45124 24.095 4.73703 33.5937 3.97021 15.3176 8.44818
0 8.80247 3.9144 7.34416 5.59311 3.40224 -1.90282 15.3176 8.44818
1 -4.81436 3.95277 7.34416 5.59311 3.40224 -1.90282 1.55673 11.7764
1 -4.73421 -6.00078 -4.81436 3.95277 -12.9356 -2.03438 3.40224 -1.90282
0 -72.7668 -3.95838 -65.4948 -4.67755 -60.6992 -16.045 -58.5655 5.53032
0 -75.4173 -5.66567 -72.7668 -3.95838 -60.6992 -16.045 -78.7815 12.0271
0 -82.5235 0.935928 -75.4173 -5.66568 -93.3095 -3.61145 -78.7815 12.0271
0 -91.8121 2.27831 -82.5235 0.935932 -93.3095 -3.61145 -91.5807 8.35104
0 -75.4805 -5.83131 -75.4173 -5.66567 -60.6992 -16.045 -93.3095 -3.61145
0 -72.9503 -13.9906 -75.4805 -5.83131 -81.8898 -22.6159 -60.6992 -16.045
0 -87.3032 -12.9356 -75.4804 -5.83131 -81.8898 -22.6159 -93.3095 -3.61145
1 26.4663 -8.40923 23.2899 1.45124 13.4532 -2.51781 33.5937 3.97021
1 8.80247 3.9144 23.2899 1.45124 13.4532 -2.51781 15.3176 8.44818
1 8.08975 -7.73389 8.80247 3.9144 13.4532 -2.51781 3.40224 -1.90282
1 38.6604 4.62775 38.417 6.38587 33.5937 3.97021 43.7152 5.37167
1 38.6604 4.62775 45.7782 -1.91685 38.3425 -0.471562 43.7152 5.37167
1 26.4663 -8.40923 38.6604 4.62775 38.3425 -0.471562 33.5937 3.97021
1 74.2882 -3.18151 81.9753 -4.56976 75.924 -15.4525 80.1129 7.74215
1 66.9202 -25.2513 74.2882 -3.18151 75.924 -15.4525 65.6088 -12.0088
1 -99.1643 -10.5902 -91.8121 2.27831 -93.3095 -3.61145 -96.1255 -2.00259
0 -37.2799 -1.40567 -36.6157 -1.90113 -40.1853 -10.597 -29.2979 3.99882
1 84.7339 -16.6416 81.9753 -4.56976 75.924 -15.4525 92.1528 -11.744
1 -65.4948 -4.67755 -55.4972 -12.7834 -60.6992 -16.045 -53.3815 -7.01947
1 -36.6157 -1.90113 -23.5207 -5.53733 -33.3876 -10.7295 -29.2979 3.99882
1 -36.9011 -16.5476 -36.6157 -1.90113 -33.3876 -10.7295 -40.1853 -10.597
1 50.4968 -5.36418 47.2072 -1.87052 44.1916 -9.32368 54.8282 0.691508
0 45.7782 -1.91685 47.2072 -1.87052 44.1916 -9.32368 43.7152 5.37167
0 26.4966 -8.77806 26.4663 -8.40923 13.4532 -2.51781 38.3425 -0.471562
1 29.6331 -12.5849 26.4966 -8.77806 16.0771 -18.8157 38.3425 -0.471562
1 11.5709 -11.181 26.4966 -8.77806 16.0771 -18.8157 13.4532 -2.51781
1 29.6331 -12.5849 45.7782 -1.91685 44.1916 -9.32368 38.3425 -0.471562
1 -21.3039 -10.7515 -23.5207 -5.53733 -33.3876 -10.7295 -12.9356 -2.03438
0 -4.73421 -6.00078 -3.19385 -7.25662 -7.10934 -14.7959 3.40224 -1.90282
1 -15.6275 -10.9741 -4.73421 -6.00078 -7.10934 -14.7959 -12.9356 -2.03438
1 31.2318 -17.3203 29.6331 -12.5849 16.0771 -18.8157 44.1916 -9.32368
1 50.4968 -5.36418 58.0908 -7.46473 51.1005 -12.785 54.8282 0.691508
1 43.8906 -18.5503 50.4968 -5.36418 51.1005 -12.785 44.1916 -9.32368
0 -21.3039 -10.7515 -15.6275 -10.9741 -13.644 -20.0972 -12.9356 -2.03438
1 -25.9179 -20.4762 -21.3039 -10.7515 -13.644 -20.0972 -33.3876 -10.7295
1 58.7833 -20.4081 58.0908 -7.46473 51.1005 -12.785 65.6088 -12.0088
1 -3.19385 -7.25662 8.08975 -7.73389 2.92658 -13.1483 3.40224 -1.90282
1 -1.46607 -17.7811 -3.19385 -7.25662 -7.10934 -14.7959 2.92658 -13.1483
0 97.2345 -31.4285 100 -30.0889 97.4696 -42.2839 88.8624 -24.5145
1 84.7339 -16.6416 100 -20.5751 88.8624 -24.5145 92.1528 -11.744
1 8.08975 -7.73389 11.5709 -11.181 2.92658 -13.1483 13.4532 -2.51781
1 -99.1643 -10.5902 -87.3032 -12.9356 -96.4062 -19.272 -93.3095 -3.61145
1 -72.9503 -13.9906 -59.9232 -18.9514 -62.4359 -20.6055 -60.6992 -16.045
0 -72.3501 -19.7985 -72.9503 -13.9906 -81.8898 -22.6159 -62.4359 -20.6055
1 -10.2579 -17.5929 -15.6275 -10.9741 -13.644 -20.0972 -7.10934 -14.7959
1 -90.5803 -27.162 -87.3032 -12.9356 -81.8898 -22.6159 -96.4062 -19.272
0 31.2318 -17.3203 36.0611 -18.7032 37.9946 -30.9646 44.1916 -9.32368
1 23.3304 -31.5751 31.2318 -17.3203 37.9946 -30.9646 16.0771 -18.8157
1 7.11265 -21.5258 11.5709 -11.181 16.0771 -18.8157 2.92658 -13.1483
0 -47.9311 -15.9528 -48.4383 -14.9124 -56.9213 -18.7559 -40.1853 -10.597
1 -55.4972 -12.7834 -48.4383 -14.9124 -56.9213 -18.7559 -53.3815 -7.01947
0 36.0611 -18.7032 43.8906 -18.5503 44.5515 -27.7582 44.1916 -9.32368
0 39.5452 -25.8279 36.0611 -18.7032 37.9946 -30.9646 44.5515 -27.7582
1 -47.9311 -15.9528 -45.5732 -18.1282 -52.6467 -24.1042 -40.1853 -10.597
1 -58.0886 -24.0711 -47.9311 -15.9528 -52.6467 -24.1042 -56.9213 -18.7559
1 -59.9232 -18.9514 -55.4972 -12.7834 -56.9213 -18.7559 -60.6992 -16.045
1 76.8072 -27.9589 84.7339 -16.6416 88.8624 -24.5145 75.924 -15.4525
1 -25.5177 -23.529 -25.9179 -20.4762 -37.8747 -23.2742 -13.644 -20.0972
1 -36.9011 -16.5476 -25.9179 -20.4762 -37.8747 -23.2742 -33.3876 -10.7295
1 -45.5732 -18.1282 -36.9011 -16.5476 -37.8747 -23.2742 -40.1853 -10.597
1 -44.9973 -28.3774 -45.5732 -18.1282 -52.6467 -24.1042 -37.8747 -23.2742
1 43.8906 -18.5503 50.0882 -21.261 44.5515 -27.7582 51.1005 -12.785
1 58.7832 -20.4081 65.5919 -25.457 52.7281 -29.3788 65.6088 -12.0088
1 50.0882 -21.261 58.7832 -20.4081 52.7281 -29.3788 51.1005 -12.785
0 -72.3501 -19.7985 -69.4819 -22.3167 -70.267 -29.5249 -62.4359 -20.6055
1 -76.9294 -27.502 -72.3501 -19.7985 -70.267 -29.5249 -81.8898 -22.6159
1 -25.5177 -23.529 -13.1338 -29.566 -20.9073 -34.9966 -13.644 -20.0972
0 -25.8281 -23.9783 -25.5177 -23.529 -20.9073 -34.9966 -37.8747 -23.2742
0 -0.0269947 -19.7636 -1.46607 -17.7811 -7.23191 -20.5221 2.92658 -13.1483
1 -10.2579 -17.5929 -1.46607 -17.7811 -7.23191 -20.5221 -7.10934 -14.7959
0 -27.4787 -33.7558 -25.8281 -23.9783 -20.9073 -34.9966 -34.0933 -32.7705
1 -41.9537 -30.3995 -25.8281 -23.9783 -34.0933 -32.7705 -37.8747 -23.2742
1 66.9202 -25.2513 76.8072 -27.9589 69.6752 -38.2704 75.924 -15.4525
0 65.5919 -25.457 66.9202 -25.2513 69.6752 -38.2704 65.6088 -12.0088
1 60.2642 -35.6115 65.5919 -25.457 69.6752 -38.2704 52.7281 -29.3788
1 7.11265 -21.5258 16.4991 -29.6381 5.72976 -30.7882 16.0771 -18.8157
0 5.18259 -21.8325 7.11265 -21.5258 5.72976 -30.7882 2.92658 -13.1483
1 -0.0269962 -19.7636 5.18259 -21.8325 -2.41657 -26.6029 2.92658 -13.1483
1 -10.9763 -28.4342 -0.0269962 -19.7636 -2.41657 -26.6029 -7.23191 -20.5221
0 49.4039 -24.7137 50.0882 -21.261 52.7281 -29.3788 44.5515 -27.7582
1 -3.69946 -39.1207 5.18259 -21.8325 5.72976 -30.7882 -2.41657 -26.6029
1 -10.9763 -28.4342 -10.2579 -17.5929 -7.23191 -20.5221 -13.644 -20.0972
1 -69.4819 -22.3167 -59.9495 -24.4627 -63.8489 -26.8822 -62.4359 -20.6055
1 -65.1115 -32.9307 -69.4819 -22.3167 -70.267 -29.5249 -63.8489 -26.8822
1 79.4659 -31.6674 76.8072 -27.9589 69.6752 -38.2704 88.8624 -24.5145
1 -58.2206 -24.0276 -59.9232 -18.9514 -62.4359 -20.6055 -56.9213 -18.7559
0 23.7409 -33.05 23.3304 -31.5751 10.4592 -38.6282 37.9946 -30.9646
0 16.4991 -29.6381 23.3304 -31.5751 10.4592 -38.6282 16.0771 -18.8157
1 -90.5803 -27.162 -81.0672 -30.2312 -86.1853 -35.9299 -81.8898 -22.6159
1 -91.9849 -28.0238 -90.5803 -27.162 -86.1853 -35.9299 -96.4062 -19.272
1 -93.8656 -39.534 -91.9849 -28.0238 -86.1853 -35.9299 -99.9993 -33.6727
0 -58.2206 -24.0276 -58.0886 -24.0711 -60.3137 -29.0374 -56.9213 -18.7559
0 -59.9495 -24.4627 -58.2206 -24.0276 -60.3137 -29.0374 -62.4359 -20.6055
1 -54.4842 -29.6729 -58.0886 -24.0711 -60.3137 -29.0374 -52.6467 -24.1042
1 28.1395 -42.0966 23.7409 -33.05 13.2978 -42.9727 37.9946 -30.9646
1 1.73947 -47.4249 23.7409 -33.05 13.2978 -42.9727 10.4592 -38.6282
1 -1.8423 -40.7025 16.4991 -29.6381 10.4592 -38.6282 5.72976 -30.7882
1 49.1208 -34.5404 49.4039 -24.7137 52.7281 -29.3788 45.8166 -29.1798
1 43.052 -30.3664 49.4039 -24.7137 45.8166 -29.1798 44.5515 -27.7582
1 -44.9973 -28.3774 -41.9537 -30.3995 -46.9411 -36.9211 -37.8747 -23.2742
0 -49.4136 -30.3433 -44.9973 -28.3774 -46.9411 -36.9211 -52.6467 -24.1042
0 -11.8103 -29.8735 -10.9763 -28.4342 -2.41657 -26.6029 -13.644 -20.0972
1 -100 -48.4775 -100 -48.4775 -87.058 -55.6669 -99.9993 -33.6727
1 -100 -73.0521 -100 -73.0521 -91.9892 -93.1907 -87.058 -55.6669
1 79.4659 -31.6674 97.2345 -31.4285 89.0513 -38.5651 88.8624 -24.5145
0 79.3681 -38.097 79.4659 -31.6674 89.0513 -38.5651 69.6752 -38.2704
1 -65.1116 -32.9307 -59.9495 -24.4627 -60.3137 -29.0374 -63.8489 -26.8822
1 -5.49531 -38.4995 -11.8103 -29.8735 -17.7661 -37.8401 -2.41657 -26.6029
0 -13.1338 -29.566 -11.8103 -29.8735 -17.7661 -37.8401 -13.644 -20.0972
1 -19.9689 -37.1167 -13.1338 -29.566 -17.7661 -37.8401 -20.9073 -34.9966
1 43.052 -30.3664 39.5452 -25.8279 40.1498 -31.1593 44.5515 -27.7582
1 37.9302 -43.7011 39.5452 -25.8279 40.1498 -31.1593 37.9946 -30.9646
1 -76.9294 -27.502 -68.0755 -35.6874 -74.3907 -33.9854 -70.267 -29.5249
1 -81.0672 -30.2312 -76.9294 -27.502 -74.3907 -33.9854 -81.8898 -22.6159
1 91.6091 -44.1627 97.2345 -31.4285 97.4696 -42.2839 89.0513 -38.5651
1 -100 -44.3921 -94.2411 -40.2676 -89.8511 -47.8424 -99.9993 -33.6727
1 -100 -55.8759 -81.6008 -49.3082 -87.058 -55.6669 -89.8511 -47.8424
1 -40.3807 -35.2685 -41.9537 -30.3995 -46.9411 -36.9211 -34.0933 -32.7705
1 -79.8306 -37.7325 -81.0672 -30.2312 -86.1853 -35.9299 -74.3907 -33.9854
1 -52.7557 -47.6518 -49.4136 -30.3433 -46.9411 -36.9211 -54.1573 -35.5278
1 -54.4842 -29.6729 -49.4136 -30.3433 -54.1573 -35.5278 -52.6467 -24.1042
1 -62.3645 -37.1476 -54.4842 -29.6729 -54.1573 -35.5278 -60.3137 -29.0374
1 61.6576 -47.9997 60.2642 -35.6115 51.679 -40.2946 69.6752 -38.2704
1 49.1208 -34.5404 60.2642 -35.6115 51.679 -40.2946 52.7281 -29.3788
0 -5.49531 -38.4995 -3.69945 -39.1207 -10.4254 -49.7557 -2.41657 -26.6029
0 -10.9993 -41.8903 -5.49531 -38.4995 -10.4254 -49.7557 -17.7661 -37.8401
1 -3.69945 -39.1207 -1.8423 -40.7025 -10.4254 -49.7557 5.72976 -30.7882
0 -64.9909 -35.3945 -65.1116 -32.9307 -70.267 -29.5249 -60.3137 -29.0374
1 -23.1771 -38.061 -27.4787 -33.7558 -26.2433 -40.3283 -20.9073 -34.9966
1 -30.6911 -37.0924 -27.4787 -33.7558 -26.2433 -40.3283 -34.0933 -32.7705
1 28.1395 -42.0966 36.0059 -44.4278 30.3383 -56.8007 37.9946 -30.9646
1 21.3236 -50.4961 28.1395 -42.0966 30.3383 -56.8007 13.2978 -42.9727
0 45.2274 -36.594 43.052 -30.3664 40.1498 -31.1593 45.8166 -29.1798
1 -64.9909 -35.3945 -62.3645 -37.1476 -69.0681 -42.1521 -60.3137 -29.0374
0 -68.0755 -35.6874 -64.9909 -35.3945 -69.0681 -42.1521 -70.267 -29.5249
1 1.73947 -47.4249 -1.8423 -40.7025 -10.4254 -49.7557 10.4592 -38.6282
1 45.2274 -36.594 49.1208 -34.5404 51.679 -40.2946 45.8166 -29.1798
1 79.3681 -38.097 87.6274 -43.7765 83.2708 -46.9712 89.0513 -38.5651
0 76.7469 -42.1929 79.3681 -38.097 83.2708 -46.9712 69.6752 -38.2704
1 -40.3807 -35.2685 -30.6911 -37.0924 -35.4319 -39.8815 -34.0933 -32.7705
1 -42.1769 -42.2515 -40.3807 -35.2685 -35.4319 -39.8815 -46.9411 -36.9211
1 -57.3688 -48.3925 -62.3645 -37.1476 -69.0681 -42.1521 -54.1573 -35.5278
1 -73.7238 -39.3687 -68.0755 -35.6874 -69.0681 -42.1521 -74.3907 -33.9854
0 40.0781 -43.0927 45.2274 -36.594 51.679 -40.2946 40.1498 -31.1593
0 36.0059 -44.4278 37.9302 -43.7011 46.3972 -53.216 37.9946 -30.9646
1 40.5248 -64.6716 36.0059 -44.4278 30.3383 -56.8007 46.3972 -53.216
0 37.9302 -43.7011 40.0781 -43.0927 46.3972 -53.216 40.1498 -31.1593
1 -93.8656 -39.534 -79.8306 -37.7325 -85.5241 -41.0816 -86.1853 -35.9299
0 -94.2411 -40.2676 -93.8656 -39.534 -85.5241 -41.0816 -99.9993 -33.6727
0 -78.8473 -39.2752 -79.8306 -37.7325 -85.5241 -41.0816 -74.3907 -33.9854
1 40.0781 -43.0927 49.8897 -47.1034 46.3972 -53.216 51.679 -40.2946
1 -94.2411 -40.2676 -81.8242 -48.2146 -89.8511 -47.8424 -85.5241 -41.0816
1 -31.2389 -48.3574 -30.6911 -37.0924 -26.2433 -40.3283 -35.4319 -39.8815
1 -78.8472 -39.2752 -73.7238 -39.3686 -74.5865 -44.724 -74.3907 -33.9854
1 -81.8242 -48.2146 -78.8472 -39.2752 -74.5865 -44.724 -85.5241 -41.0816
1 -67.0726 -53.6401 -73.7238 -39.3686 -74.5865 -44.724 -69.0681 -42.1521
0 -13.6151 -47.6988 -10.9993 -41.8903 -10.4254 -49.7557 -17.2694 -46.6736
0 -15.686 -42.1538 -10.9993 -41.8903 -17.2694 -46.6736 -17.7661 -37.8401
1 82.552 -54.7745 76.7469 -42.1929 76.1486 -50.2574 83.2708 -46.9712
1 63.0012 -49.616 76.7469 -42.1929 76.1486 -50.2574 69.6752 -38.2704
1 -23.1771 -38.061 -19.9689 -37.1167 -19.6092 -39.4071 -20.9073 -34.9966
1 -22.3125 -44.2876 -23.1771 -38.061 -26.2433 -40.3283 -19.6092 -39.4071
1 -15.686 -42.1538 -19.9689 -37.1167 -19.6092 -39.4071 -17.7661 -37.8401
0 5.8318 -61.7379 1.73947 -47.4249 -10.4254 -49.7557 13.2978 -42.9727
1 -100 -64.4568 -75.1721 -56.6349 -84.3568 -64.241 -87.058 -55.6669
1 -100 -75.5978 -100 -75.5978 -91.9892 -93.1907 -84.3568 -64.241
1 -42.1769 -42.2515 -31.2389 -48.3574 -40.6543 -49.2367 -35.4319 -39.8815
1 -52.7557 -47.6518 -42.1769 -42.2515 -40.6543 -49.2367 -46.9411 -36.9211
1 -57.3688 -48.3924 -54.0718 -48.9482 -58.5515 -61.5991 -54.1573 -35.5278
1 -67.0727 -53.6401 -57.3688 -48.3924 -58.5515 -61.5991 -69.0681 -42.1521
1 -100 -69.7816 -79.1226 -68.9597 -83.9697 -74.0752 -84.3568 -64.241
0 -100 -78.59 -88.6935 -83.3334 -91.9892 -93.1907 -83.9697 -74.0752
0 63.0012 -49.616 61.6576 -47.9997 50.6271 -54.1046 69.6752 -38.2704
1 49.8897 -47.1034 61.6576 -47.9997 50.6271 -54.1046 51.679 -40.2946
0 -54.0718 -48.9481 -52.7557 -47.6518 -40.6543 -49.2367 -54.1573 -35.5278
0 -53.5387 -49.72 -54.0718 -48.9482 -58.5515 -61.5991 -40.6543 -49.2367
1 63.7533 -54.6054 63.0012 -49.616 50.6271 -54.1046 76.1486 -50.2574
0 -53.5387 -49.72 -45.5 -55.3428 -49.574 -61.9888 -40.6543 -49.2367
1 -54.2456 -66.0067 -53.5387 -49.72 -49.574 -61.9888 -58.5515 -61.5991
1 -22.3125 -44.2876 -15.686 -42.1538 -17.2694 -46.6736 -19.6092 -39.4071
1 96.3056 -50.6106 91.6091 -44.1627 88.0232 -49.1643 97.4696 -42.2839
1 87.6274 -43.7765 91.6091 -44.1627 88.0232 -49.1643 89.0513 -38.5651
1 82.552 -54.7745 87.6274 -43.7764 88.0232 -49.1643 83.2708 -46.9712
0 -25.8485 -49.2884 -22.3125 -44.2876 -17.2694 -46.6736 -26.2433 -40.3283
0 -29.0655 -51.8733 -31.2389 -48.3574 -40.6543 -49.2367 -26.2433 -40.3283
1 21.3236 -50.4961 29.1645 -58.3048 27.6653 -59.4847 30.3383 -56.8007
1 9.99376 -60.3544 21.3236 -50.4961 27.6653 -59.4847 13.2978 -42.9727
0 -29.0655 -51.8733 -25.8485 -49.2884 -17.1836 -51.6033 -26.2433 -40.3283
0 -29.5931 -57.1062 -29.0655 -51.8733 -17.1836 -51.6033 -40.6543 -49.2367
1 45.4261 -68.3494 49.8897 -47.1034 50.6271 -54.1046 46.3972 -53.216
0 -81.6008 -49.3082 -81.8242 -48.2146 -89.8511 -47.8424 -74.5865 -44.724
1 -25.8485 -49.2884 -16.7793 -49.1306 -17.1836 -51.6033 -17.2694 -46.6736
1 -75.1721 -56.6349 -81.6008 -49.3082 -87.058 -55.6669 -74.5865 -44.724
1 63.7533 -54.6054 71.2485 -59.5306 64.6812 -67.7084 76.1486 -50.2574
1 50.0072 -68.8067 63.7533 -54.6054 64.6812 -67.7084 50.6271 -54.1046
0 5.83181 -61.7379 9.99376 -60.3544 23.046 -72.2993 13.2978 -42.9727
0 1.51987 -68.14 5.83181 -61.7379 23.046 -72.2993 -10.4254 -49.7557
0 -71.9316 -58.2571 -67.0727 -53.6401 -58.5515 -61.5991 -74.5865 -44.724
1 88.1343 -59.3206 96.3056 -50.6106 98.277 -58.784 88.0232 -49.1643
0 9.99376 -60.3544 23.9782 -65.3955 23.046 -72.2993 27.6653 -59.4847
0 -25.7067 -66.1102 -29.5931 -57.1062 -42.1093 -62.362 -17.1836 -51.6033
1 -45.5 -55.3428 -29.5931 -57.1062 -42.1093 -62.362 -40.6543 -49.2367
1 -7.3919 -69.7278 -13.6151 -47.6988 -15.257 -51.1206 -10.4254 -49.7557
1 -16.7793 -49.1306 -13.6151 -47.6988 -15.257 -51.1206 -17.2694 -46.6736
0 -71.7561 -59.9712 -71.9316 -58.2571 -84.3568 -64.241 -58.5515 -61.5991
0 -75.1721 -56.6349 -71.9316 -58.2571 -84.3568 -64.241 -74.5865 -44.724
1 1.51988 -68.14 22.4797 -83.3561 12.1421 -87.3192 23.046 -72.2993
1 -3.54448 -71.1825 1.51988 -68.14 12.1421 -87.3192 -10.4254 -49.7557
1 -11.891 -68.6415 -16.7793 -49.1306 -17.1836 -51.6033 -15.257 -51.1206
1 -64.7129 -69.0546 -71.7561 -59.9712 -73.4679 -73.1652 -58.5515 -61.5991
1 -79.1226 -68.9597 -71.7561 -59.9712 -73.4679 -73.1652 -84.3568 -64.241
0 82.7227 -56.6289 82.552 -54.7745 76.1486 -50.2574 88.0232 -49.1643
1 82.7227 -56.6289 88.1342 -59.3206 79.9677 -65.3597 88.0232 -49.1643
1 71.2485 -59.5306 82.7227 -56.6289 79.9677 -65.3597 76.1486 -50.2574
1 -46.269 -70.7207 -45.5 -55.3428 -42.1093 -62.362 -49.574 -61.9888
0 -3.96784 -74.3901 -3.54448 -71.1825 12.1421 -87.3192 -22.8806 -82.6965
0 -7.39191 -69.7278 -3.54448 -71.1825 -22.8806 -82.6965 -10.4254 -49.7557
0 71.7449 -62.762 71.2485 -59.5306 64.6812 -67.7084 79.9677 -65.3597
1 90.3529 -65.4982 88.1342 -59.3206 79.9677 -65.3597 98.277 -58.784
1 -25.7067 -66.1102 -11.891 -68.6415 -22.8806 -82.6965 -17.1836 -51.6033
0 -29.1911 -69.405 -25.7067 -66.1102 -22.8806 -82.6965 -42.1093 -62.362
0 -11.891 -68.6415 -7.39191 -69.7278 -22.8806 -82.6965 -15.257 -51.1206
0 40.5894 -64.8398 40.5248 -64.6716 28.4942 -60.091 46.3972 -53.216
1 29.1645 -58.3048 40.5248 -64.6716 28.4942 -60.091 30.3383 -56.8007
0 40.5894 -64.8398 44.6687 -68.3824 29.8942 -72.2193 46.3972 -53.216
1 26.4025 -66.4774 40.5894 -64.8398 29.8942 -72.2193 28.4942 -60.091
0 44.6687 -68.3824 45.4261 -68.3494 47.7091 -83.3412 46.3972 -53.216
1 34.5463 -84.5965 44.6687 -68.3824 47.7091 -83.3412 29.8942 -72.2193
1 45.4261 -68.3494 50.0072 -68.8067 47.7091 -83.3412 50.6271 -54.1046
0 -3.94662 -74.4739 -3.96784 -74.3901 -11.9892 -93.4255 12.1421 -87.3192
0 -8.63221 -79.125 -3.96784 -74.3901 -11.9892 -93.4255 -22.8806 -82.6965
1 16.2962 -95.4375 -3.94662 -74.4739 8.32813 -91.002 12.1421 -87.3192
1 -0.901742 -100 -3.94662 -74.4739 -11.9892 -93.4255 8.32813 -91.002
1 56.7464 -76.1232 50.0072 -68.8067 47.7091 -83.3412 64.6812 -67.7084
1 71.7449 -62.762 85.0401 -67.2392 79.8641 -65.6675 79.9677 -65.3597
1 72.9347 -71.6127 71.7449 -62.762 64.6812 -67.7084 79.8641 -65.6675
0 -29.5526 -82.4482 -29.1911 -69.405 -22.8806 -82.6965 -36.228 -82.3266
1 -40.0769 -72.6118 -29.1911 -69.405 -36.228 -82.3266 -42.1093 -62.362
0 98.5084 -75.6913 90.3529 -65.4982 82.0638 -71.7562 98.277 -58.784
0 85.0401 -67.2392 90.3529 -65.4982 82.0638 -71.7562 79.9677 -65.3597
1 23.9782 -65.3955 29.1645 -58.3048 28.4942 -60.091 27.6653 -59.4847
1 23.9782 -65.3955 26.4025 -66.4774 23.046 -72.2993 28.4942 -60.091
0 90.5329 -81.3297 98.5084 -75.6913 96.7339 -92.5068 82.0638 -71.7562
1 -64.7129 -69.0546 -54.2456 -66.0067 -55.5122 -72.0369 -58.5515 -61.5991
1 -64.4466 -73.2917 -64.7129 -69.0546 -73.4679 -73.1652 -55.5122 -72.0369
1 26.5947 -82.9278 26.4025 -66.4774 23.046 -72.2993 29.8942 -72.2193
1 -54.2456 -66.0067 -46.2689 -70.7207 -55.5122 -72.0369 -49.574 -61.9888
0 -44.9 -72.6171 -46.2689 -70.7207 -55.5122 -72.0369 -42.1093 -62.362
1 72.9346 -71.6127 85.0401 -67.2392 82.0638 -71.7562 79.8641 -65.6675
1 -78.38 -77.5301 -79.1226 -68.9597 -83.9697 -74.0752 -73.4679 -73.1652
1 -44.9 -72.6171 -40.0769 -72.6118 -42.0871 -82.866 -42.1093 -62.362
1 -52.213 -81.6831 -44.9 -72.6171 -42.0871 -82.866 -55.5122 -72.0369
1 -38.8189 -86.2752 -40.0769 -72.6119 -42.0871 -82.866 -36.228 -82.3266
0 72.4991 -73.483 72.9346 -71.6127 82.0638 -71.7562 64.6812 -67.7084
1 81.5992 -82.7274 72.4991 -73.483 70.6221 -83.0194 82.0638 -71.7562
1 61.6372 -77.6976 72.4991 -73.483 70.6221 -83.0194 64.6812 -67.7084
1 -63.1005 -76.741 -64.4466 -73.2917 -71.8693 -78.4203 -55.5122 -72.0369
1 -78.38 -77.5301 -64.4466 -73.2917 -71.8693 -78.4203 -73.4679 -73.1652
1 -19.5996 -100 -8.63219 -79.125 -11.9892 -93.4255 -18.5036 -90.003
1 -22.735 -87.5736 -8.6322 -79.125 -18.5036 -90.003 -22.8806 -82.6965
1 56.7464 -76.1232 61.6372 -77.6976 58.2824 -87.5867 64.6812 -67.7084
1 50.8537 -90.7986 56.7464 -76.1232 58.2824 -87.5867 47.7091 -83.3412
1 65.9005 -89.2159 61.6372 -77.6976 58.2824 -87.5867 70.6221 -83.0194
1 -63.1005 -76.7409 -55.3492 -82.1593 -64.9116 -85.4835 -55.5122 -72.0369
1 -70.2516 -83.7853 -63.1005 -76.741 -64.9116 -85.4835 -71.8693 -78.4203
1 85.1149 -84.0209 90.5329 -81.3297 93.0442 -93.8625 82.0638 -71.7562
0 -79.3655 -80.2746 -78.38 -77.5301 -71.8693 -78.4203 -83.9697 -74.0752
0 34.6564 -84.8266 34.5463 -84.5965 25.3109 -94.0592 47.7091 -83.3412
1 26.5947 -82.9278 34.5463 -84.5965 25.3109 -94.0592 29.8942 -72.2193
1 82.9721 -99.7537 85.1149 -84.0209 93.0442 -93.8625 74.8423 -91.3835
0 81.5992 -82.7274 85.1149 -84.0209 74.8423 -91.3835 82.0638 -71.7562
1 -52.213 -81.6831 -43.4201 -87.245 -46.8057 -90.3256 -42.0871 -82.866
0 -52.8269 -81.9753 -52.213 -81.6831 -46.8057 -90.3256 -55.5122 -72.0369
1 -48.1625 -100 -52.8269 -81.9753 -54.0418 -92.1982 -46.8057 -90.3256
1 -55.3492 -82.1593 -52.8269 -81.9753 -54.0418 -92.1982 -55.5122 -72.0369
1 34.6564 -84.8266 48.6265 -93.5242 39.0838 -97.195 47.7091 -83.3412
1 31.2018 -100 34.6564 -84.8266 39.0838 -97.195 25.3109 -94.0592
1 22.4797 -83.3561 26.5947 -82.9278 25.3109 -94.0592 23.046 -72.2993
1 66.7114 -90.2394 81.5992 -82.7274 74.8423 -91.3835 70.6221 -83.0194
0 -59.0757 -88.1917 -55.3492 -82.1593 -54.0418 -92.1982 -64.9116 -85.4835
1 16.2962 -95.4375 22.4797 -83.3561 25.3109 -94.0592 12.1421 -87.3192
1 -79.3655 -80.2746 -73.1545 -85.1619 -79.4046 -87.9967 -71.8693 -78.4203
1 -88.6935 -83.3334 -79.3655 -80.2746 -79.4046 -87.9967 -83.9697 -74.0752
1 -81.8146 -100 -88.6935 -83.3334 -91.9892 -93.1907 -79.4046 -87.9967
1 -29.5526 -82.4482 -22.735 -87.5736 -27.4606 -88.7886 -22.8806 -82.6965
1 -34.1124 -88.6349 -29.5526 -82.4482 -27.4606 -88.7886 -36.228 -82.3266
1 -70.2516 -83.7853 -63.6062 -88.7637 -67.1211 -88.4329 -64.9116 -85.4835
0 -73.1545 -85.1619 -70.2516 -83.7853 -67.1211 -88.4329 -71.8693 -78.4203
1 -73.3207 -89.844 -73.1545 -85.1619 -67.1211 -88.4329 -79.4046 -87.9967
0 66.7114 -90.2394 65.9005 -89.2159 58.7882 -92.3945 70.6221 -83.0194
1 50.8537 -90.7986 65.9005 -89.2159 58.7882 -92.3945 58.2824 -87.5867
1 -38.8189 -86.2751 -34.1124 -88.6349 -40.4331 -90.7134 -36.228 -82.3266
1 -43.4201 -87.245 -38.8189 -86.2751 -40.4331 -90.7134 -42.0871 -82.866
1 -59.0453 -92.7159 -59.0757 -88.1917 -64.0552 -92.2655 -54.0418 -92.1982
0 -63.6062 -88.7637 -59.0757 -88.1917 -64.0552 -92.2655 -64.9116 -85.4835
1 -32.4261 -100 -34.1124 -88.6349 -40.4331 -90.7134 -27.4606 -88.7886
1 66.8811 -92.9353 66.7114 -90.2394 58.7882 -92.3945 74.8423 -91.3835
1 -44.1963 -100 -43.4201 -87.245 -40.4331 -90.7134 -46.8057 -90.3256
1 -24.4198 -100 -22.735 -87.5736 -18.5036 -90.003 -27.4606 -88.7886
0 48.6265 -93.5242 50.8537 -90.7986 58.7882 -92.3945 47.7091 -83.3412
1 50.2041 -100 48.6265 -93.5242 39.0838 -97.195 58.7882 -92.3945
1 -73.3207 -89.844 -67.9726 -92.2566 -70.2755 -95.4255 -67.1211 -88.4329
1 -81.5852 -100 -73.3207 -89.844 -70.2755 -95.4255 -79.4046 -87.9967
1 66.8811 -92.9353 82.9721 -99.7537 71.3036 -99.7346 74.8423 -91.3835
1 62.7378 -100 66.8811 -92.9353 71.3036 -99.7346 58.7882 -92.3945
1 -67.9726 -92.2566 -63.6062 -88.7637 -64.0552 -92.2655 -67.1211 -88.4329
0 15.4749 -100 16.2962 -95.4375 25.3109 -94.0592 8.32813 -91.002
1 -52.9719 -100 -59.0453 -92.7159 -60.4543 -97.5447 -54.0418 -92.1982
1 -65.5019 -97.12 -59.0453 -92.7159 -60.4543 -97.5447 -64.0552 -92.2655
1 -81.7181 -100 -81.7181 -100 -70.2755 -95.4255 -91.9892 -93.1907
1 -65.5019 -97.12 -67.9726 -92.2566 -70.2755 -95.4255 -64.0552 -92.2655
1 -22.3902 -100 -22.3902 -100 -11.9892 -93.4255 -27.4606 -88.7886
1 -26.9673 -100 -26.9673 -100 -11.9892 -93.4255 -40.4331 -90.7134
1 -35.838 -100 -35.838 -100 -60.4543 -97.5447 -11.9892 -93.4255
1 -48.4405 -100 -48.4405 -100 -60.4543 -97.5447 -40.4331 -90.7134
1 -50.4221 -100 -50.4221 -100 -60.4543 -97.5447 -46.8057 -90.3256
1 6.55455 -100 6.55455 -100 25.3109 -94.0592 -11.9892 -93.4255
1 55.0727 -100 55.0727 -100 71.3036 -99.7346 39.0838 -97.195
0 -66.1233 -100 -65.5019 -97.12 -60.4543 -97.5447 -70.2755 -95.4255
1 13.2012 -100 13.2012 -100 39.0838 -97.195 -11.9892 -93.4255
1 -10.676 -100 -10.676 -100 -60.4543 -97.5447 39.0838 -97.195
