1 -85 -100 -85 -85 -90 -90 -80 -90
1 -75 -100 -75 -85 -80 -90 -70 -90
1 -65 -100 -65 -85 -70 -90 -60 -90
1 -55 -100 -55 -85 -60 -90 -50 -90
1 -45 -100 -45 -85 -50 -90 -40 -90
1 -35 -100 -35 -85 -40 -90 -30 -90
1 -25 -100 -25 -85 -30 -90 -20 -90
1 -15 -100 -15 -85 -20 -90 -10 -90
1 -5 -100 -5 -85 -10 -90 0 -90
1 5 -100 5 -85 0 -90 10 -90
1 15 -100 15 -85 10 -90 20 -90
1 25 -100 25 -85 20 -90 30 -90
1 35 -100 35 -85 30 -90 40 -90
1 45 -100 45 -85 40 -90 50 -90
1 55 -100 55 -85 50 -90 60 -90
1 65 -100 65 -85 60 -90 70 -90
1 75 -100 75 -85 70 -90 80 -90
1 85 -100 85 -85 80 -90 90 -90
1 85 -85 100 -85 90 -90 90 -80
1 85 -75 100 -75 90 -80 90 -70
1 85 -65 100 -65 90 -70 90 -60
1 85 -55 100 -55 90 -60 90 -50
1 85 -45 100 -45 90 -50 90 -40
1 85 -35 100 -35 90 -40 90 -30
1 85 -25 100 -25 90 -30 90 -20
1 85 -15 100 -15 90 -20 90 -10
1 85 -5 100 -5 90 -10 90 0
1 85 5 100 5 90 0 90 10
1 85 15 100 15 90 10 90 20
1 85 25 100 25 90 20 90 30
1 85 35 100 35 90 30 90 40
1 85 45 100 45 90 40 90 50
1 85 55 100 55 90 50 90 60
1 85 65 100 65 90 60 90 70
1 85 75 100 75 90 70 90 80
1 85 85 100 85 90 80 90 90
1 85 85 85 100 80 90 90 90
1 75 85 75 100 70 90 80 90
1 65 85 65 100 60 90 70 90
1 55 85 55 100 50 90 60 90
1 45 85 45 100 40 90 50 90
1 35 85 35 100 30 90 40 90
1 25 85 25 100 20 90 30 90
1 15 85 15 100 10 90 20 90
1 5 85 5 100 0 90 10 90
1 -5 85 -5 100 -10 90 0 90
1 -15 85 -15 100 -20 90 -10 90
1 -25 85 -25 100 -30 90 -20 90
1 -35 85 -35 100 -40 90 -30 90
1 -45 85 -45 100 -50 90 -40 90
1 -55 85 -55 100 -60 90 -50 90
1 -65 85 -65 100 -70 90 -60 90
1 -75 85 -75 100 -80 90 -70 90
1 -85 85 -85 100 -90 90 -80 90
1 -100 85 -85 85 -90 80 -90 90
1 -100 75 -85 75 -90 70 -90 80
1 -100 65 -85 65 -90 60 -90 70
1 -100 55 -85 55 -90 50 -90 60
1 -100 45 -85 45 -90 40 -90 50
1 -100 35 -85 35 -90 30 -90 40
1 -100 25 -85 25 -90 20 -90 30
1 -100 15 -85 15 -90 10 -90 20
1 -100 5 -85 5 -90 0 -90 10
1 -100 -5 -85 -5 -90 -10 -90 0
1 -100 -15 -85 -15 -90 -20 -90 -10
1 -100 -25 -85 -25 -90 -30 -90 -20
1 -100 -35 -85 -35 -90 -40 -90 -30
1 -100 -45 -85 -45 -90 -50 -90 -40
1 -100 -55 -85 -55 -90 -60 -90 -50
1 -100 -65 -85 -65 -90 -70 -90 -60
1 -100 -75 -85 -75 -90 -80 -90 -70
1 -100 -85 -85 -85 -90 -90 -90 -80
1 85 85 85 85 80 80 90 90
1 75 85 85 85 80 80 80 90
1 85 75 85 85 80 80 90 80
1 75 85 75 85 70 80 80 90
1 65 85 75 85 70 80 70 90
1 75 75 75 85 70 80 80 80
1 65 85 65 85 60 80 70 90
1 55 85 65 85 60 80 60 90
1 65 75 65 85 60 80 70 80
1 55 85 55 85 50 80 60 90
1 45 85 55 85 50 80 50 90
1 55 75 55 85 50 80 60 80
1 45 85 45 85 40 80 50 90
1 35 85 45 85 40 80 40 90
1 45 75 45 85 40 80 50 80
1 35 85 35 85 30 80 40 90
1 25 85 35 85 30 80 30 90
1 35 75 35 85 30 80 40 80
1 25 85 25 85 20 80 30 90
1 15 85 25 85 20 80 20 90
1 25 75 25 85 20 80 30 80
1 15 85 15 85 10 80 20 90
1 5 85 15 85 10 80 10 90
1 15 75 15 85 10 80 20 80
1 5 85 5 85 0 80 10 90
1 -5 85 5 85 0 80 0 90
1 5 75 5 85 0 80 10 80
1 -5 85 -5 85 -10 80 0 90
1 -15 85 -5 85 -10 80 -10 90
1 -5 75 -5 85 -10 80 0 80
1 -15 85 -15 85 -20 80 -10 90
1 -25 85 -15 85 -20 80 -20 90
1 -15 75 -15 85 -20 80 -10 80
1 -25 85 -25 85 -30 80 -20 90
1 -35 85 -25 85 -30 80 -30 90
1 -25 75 -25 85 -30 80 -20 80
1 -35 85 -35 85 -40 80 -30 90
1 -45 85 -35 85 -40 80 -40 90
1 -35 75 -35 85 -40 80 -30 80
1 -45 85 -45 85 -50 80 -40 90
1 -55 85 -45 85 -50 80 -50 90
1 -45 75 -45 85 -50 80 -40 80
1 -55 85 -55 85 -60 80 -50 90
1 -65 85 -55 85 -60 80 -60 90
1 -55 75 -55 85 -60 80 -50 80
1 -65 85 -65 85 -70 80 -60 90
1 -75 85 -65 85 -70 80 -70 90
1 -65 75 -65 85 -70 80 -60 80
1 -75 85 -75 85 -80 80 -70 90
1 -85 85 -75 85 -80 80 -80 90
1 -75 75 -75 85 -80 80 -70 80
1 -85 85 -85 85 -90 80 -80 90
1 -85 75 -85 85 -90 80 -80 80
1 85 75 85 75 80 70 90 80
1 75 75 85 75 80 70 80 80
1 85 65 85 75 80 70 90 70
1 75 75 75 75 70 70 80 80
1 65 75 75 75 70 70 70 80
1 75 65 75 75 70 70 80 70
1 65 75 65 75 60 70 70 80
1 55 75 65 75 60 70 60 80
1 65 65 65 75 60 70 70 70
1 55 75 55 75 50 70 60 80
1 45 75 55 75 50 70 50 80
1 55 65 55 75 50 70 60 70
1 45 75 45 75 40 70 50 80
1 35 75 45 75 40 70 40 80
1 45 65 45 75 40 70 50 70
1 35 75 35 75 30 70 40 80
1 25 75 35 75 30 70 30 80
1 35 65 35 75 30 70 40 70
1 25 75 25 75 20 70 30 80
1 15 75 25 75 20 70 20 80
1 25 65 25 75 20 70 30 70
1 15 75 15 75 10 70 20 80
1 5 75 15 75 10 70 10 80
1 15 65 15 75 10 70 20 70
1 5 75 5 75 0 70 10 80
1 -5 75 5 75 0 70 0 80
1 5 65 5 75 0 70 10 70
1 -5 75 -5 75 -10 70 0 80
1 -15 75 -5 75 -10 70 -10 80
1 -5 65 -5 75 -10 70 0 70
1 -15 75 -15 75 -20 70 -10 80
1 -25 75 -15 75 -20 70 -20 80
1 -15 65 -15 75 -20 70 -10 70
1 -25 75 -25 75 -30 70 -20 80
1 -35 75 -25 75 -30 70 -30 80
1 -25 65 -25 75 -30 70 -20 70
1 -35 75 -35 75 -40 70 -30 80
1 -45 75 -35 75 -40 70 -40 80
1 -35 65 -35 75 -40 70 -30 70
1 -45 75 -45 75 -50 70 -40 80
1 -55 75 -45 75 -50 70 -50 80
1 -45 65 -45 75 -50 70 -40 70
1 -55 75 -55 75 -60 70 -50 80
1 -65 75 -55 75 -60 70 -60 80
1 -55 65 -55 75 -60 70 -50 70
1 -65 75 -65 75 -70 70 -60 80
1 -75 75 -65 75 -70 70 -70 80
1 -65 65 -65 75 -70 70 -60 70
1 -75 75 -75 75 -80 70 -70 80
1 -85 75 -75 75 -80 70 -80 80
1 -75 65 -75 75 -80 70 -70 70
1 -85 75 -85 75 -90 70 -80 80
1 -85 65 -85 75 -90 70 -80 70
1 85 65 85 65 80 60 90 70
1 75 65 85 65 80 60 80 70
1 85 55 85 65 80 60 90 60
1 75 65 75 65 70 60 80 70
1 65 65 75 65 70 60 70 70
1 75 55 75 65 70 60 80 60
1 65 65 65 65 60 60 70 70
1 55 65 65 65 60 60 60 70
1 65 55 65 65 60 60 70 60
1 55 65 55 65 50 60 60 70
1 45 65 55 65 50 60 50 70
1 55 55 55 65 50 60 60 60
1 45 65 45 65 40 60 50 70
1 35 65 45 65 40 60 40 70
1 45 55 45 65 40 60 50 60
1 35 65 35 65 30 60 40 70
1 25 65 35 65 30 60 30 70
1 35 55 35 65 30 60 40 60
1 25 65 25 65 20 60 30 70
1 15 65 25 65 20 60 20 70
1 25 55 25 65 20 60 30 60
1 15 65 15 65 10 60 20 70
1 5 65 15 65 10 60 10 70
1 15 55 15 65 10 60 20 60
1 5 65 5 65 0 60 10 70
1 -5 65 5 65 0 60 0 70
1 5 55 5 65 0 60 10 60
1 -5 65 -5 65 -10 60 0 70
1 -15 65 -5 65 -10 60 -10 70
1 -5 55 -5 65 -10 60 0 60
1 -15 65 -15 65 -20 60 -10 70
1 -25 65 -15 65 -20 60 -20 70
1 -15 55 -15 65 -20 60 -10 60
1 -25 65 -25 65 -30 60 -20 70
1 -35 65 -25 65 -30 60 -30 70
1 -25 55 -25 65 -30 60 -20 60
1 -35 65 -35 65 -40 60 -30 70
1 -45 65 -35 65 -40 60 -40 70
1 -35 55 -35 65 -40 60 -30 60
1 -45 65 -45 65 -50 60 -40 70
1 -55 65 -45 65 -50 60 -50 70
1 -45 55 -45 65 -50 60 -40 60
1 -55 65 -55 65 -60 60 -50 70
1 -65 65 -55 65 -60 60 -60 70
1 -55 55 -55 65 -60 60 -50 60
1 -65 65 -65 65 -70 60 -60 70
1 -75 65 -65 65 -70 60 -70 70
1 -65 55 -65 65 -70 60 -60 60
1 -75 65 -75 65 -80 60 -70 70
1 -85 65 -75 65 -80 60 -80 70
1 -75 55 -75 65 -80 60 -70 60
1 -85 65 -85 65 -90 60 -80 70
1 -85 55 -85 65 -90 60 -80 60
1 85 55 85 55 80 50 90 60
1 75 55 85 55 80 50 80 60
1 85 45 85 55 80 50 90 50
1 75 55 75 55 70 50 80 60
1 65 55 75 55 70 50 70 60
1 75 45 75 55 70 50 80 50
1 65 55 65 55 60 50 70 60
1 55 55 65 55 60 50 60 60
1 65 45 65 55 60 50 70 50
1 55 55 55 55 50 50 60 60
1 45 55 55 55 50 50 50 60
1 55 45 55 55 50 50 60 50
1 45 55 45 55 40 50 50 60
1 35 55 45 55 40 50 40 60
1 45 45 45 55 40 50 50 50
1 35 55 35 55 30 50 40 60
1 25 55 35 55 30 50 30 60
1 35 45 35 55 30 50 40 50
1 25 55 25 55 20 50 30 60
1 15 55 25 55 20 50 20 60
1 25 45 25 55 20 50 30 50
1 15 55 15 55 10 50 20 60
1 5 55 15 55 10 50 10 60
1 15 45 15 55 10 50 20 50
1 5 55 5 55 0 50 10 60
1 -5 55 5 55 0 50 0 60
1 5 45 5 55 0 50 10 50
1 -5 55 -5 55 -10 50 0 60
1 -15 55 -5 55 -10 50 -10 60
1 -5 45 -5 55 -10 50 0 50
1 -15 55 -15 55 -20 50 -10 60
1 -25 55 -15 55 -20 50 -20 60
1 -15 45 -15 55 -20 50 -10 50
1 -25 55 -25 55 -30 50 -20 60
1 -35 55 -25 55 -30 50 -30 60
1 -25 45 -25 55 -30 50 -20 50
1 -35 55 -35 55 -40 50 -30 60
1 -45 55 -35 55 -40 50 -40 60
1 -35 45 -35 55 -40 50 -30 50
1 -45 55 -45 55 -50 50 -40 60
1 -55 55 -45 55 -50 50 -50 60
1 -45 45 -45 55 -50 50 -40 50
1 -55 55 -55 55 -60 50 -50 60
1 -65 55 -55 55 -60 50 -60 60
1 -55 45 -55 55 -60 50 -50 50
1 -65 55 -65 55 -70 50 -60 60
1 -75 55 -65 55 -70 50 -70 60
1 -65 45 -65 55 -70 50 -60 50
1 -75 55 -75 55 -80 50 -70 60
1 -85 55 -75 55 -80 50 -80 60
1 -75 45 -75 55 -80 50 -70 50
1 -85 55 -85 55 -90 50 -80 60
1 -85 45 -85 55 -90 50 -80 50
1 85 45 85 45 80 40 90 50
1 75 45 85 45 80 40 80 50
1 85 35 85 45 80 40 90 40
1 75 45 75 45 70 40 80 50
1 65 45 75 45 70 40 70 50
1 75 35 75 45 70 40 80 40
1 65 45 65 45 60 40 70 50
1 55 45 65 45 60 40 60 50
1 65 35 65 45 60 40 70 40
1 55 45 55 45 50 40 60 50
1 45 45 55 45 50 40 50 50
1 55 35 55 45 50 40 60 40
1 45 45 45 45 40 40 50 50
1 35 45 45 45 40 40 40 50
1 45 35 45 45 40 40 50 40
1 35 45 35 45 30 40 40 50
1 25 45 35 45 30 40 30 50
1 35 35 35 45 30 40 40 40
1 25 45 25 45 20 40 30 50
1 15 45 25 45 20 40 20 50
1 25 35 25 45 20 40 30 40
1 15 45 15 45 10 40 20 50
1 5 45 15 45 10 40 10 50
1 15 35 15 45 10 40 20 40
1 5 45 5 45 0 40 10 50
1 -5 45 5 45 0 40 0 50
1 5 35 5 45 0 40 10 40
1 -5 45 -5 45 -10 40 0 50
1 -15 45 -5 45 -10 40 -10 50
1 -5 35 -5 45 -10 40 0 40
1 -15 45 -15 45 -20 40 -10 50
1 -25 45 -15 45 -20 40 -20 50
1 -15 35 -15 45 -20 40 -10 40
1 -25 45 -25 45 -30 40 -20 50
1 -35 45 -25 45 -30 40 -30 50
1 -25 35 -25 45 -30 40 -20 40
1 -35 45 -35 45 -40 40 -30 50
1 -45 45 -35 45 -40 40 -40 50
1 -35 35 -35 45 -40 40 -30 40
1 -45 45 -45 45 -50 40 -40 50
1 -55 45 -45 45 -50 40 -50 50
1 -45 35 -45 45 -50 40 -40 40
1 -55 45 -55 45 -60 40 -50 50
1 -65 45 -55 45 -60 40 -60 50
1 -55 35 -55 45 -60 40 -50 40
1 -65 45 -65 45 -70 40 -60 50
1 -75 45 -65 45 -70 40 -70 50
1 -65 35 -65 45 -70 40 -60 40
1 -75 45 -75 45 -80 40 -70 50
1 -85 45 -75 45 -80 40 -80 50
1 -75 35 -75 45 -80 40 -70 40
1 -85 45 -85 45 -90 40 -80 50
1 -85 35 -85 45 -90 40 -80 40
1 85 35 85 35 80 30 90 40
1 75 35 85 35 80 30 80 40
1 85 25 85 35 80 30 90 30
1 75 35 75 35 70 30 80 40
1 65 35 75 35 70 30 70 40
1 75 25 75 35 70 30 80 30
1 65 35 65 35 60 30 70 40
1 55 35 65 35 60 30 60 40
1 65 25 65 35 60 30 70 30
1 55 35 55 35 50 30 60 40
1 45 35 55 35 50 30 50 40
1 55 25 55 35 50 30 60 30
1 45 35 45 35 40 30 50 40
1 35 35 45 35 40 30 40 40
1 45 25 45 35 40 30 50 30
1 35 35 35 35 30 30 40 40
1 25 35 35 35 30 30 30 40
1 35 25 35 35 30 30 40 30
1 25 35 25 35 20 30 30 40
1 15 35 25 35 20 30 20 40
1 25 25 25 35 20 30 30 30
1 15 35 15 35 10 30 20 40
1 5 35 15 35 10 30 10 40
1 15 25 15 35 10 30 20 30
1 5 35 5 35 0 30 10 40
1 -5 35 5 35 0 30 0 40
1 5 25 5 35 0 30 10 30
1 -5 35 -5 35 -10 30 0 40
1 -15 35 -5 35 -10 30 -10 40
1 -5 25 -5 35 -10 30 0 30
1 -15 35 -15 35 -20 30 -10 40
1 -25 35 -15 35 -20 30 -20 40
1 -15 25 -15 35 -20 30 -10 30
1 -25 35 -25 35 -30 30 -20 40
1 -35 35 -25 35 -30 30 -30 40
1 -25 25 -25 35 -30 30 -20 30
1 -35 35 -35 35 -40 30 -30 40
1 -45 35 -35 35 -40 30 -40 40
1 -35 25 -35 35 -40 30 -30 30
1 -45 35 -45 35 -50 30 -40 40
1 -55 35 -45 35 -50 30 -50 40
1 -45 25 -45 35 -50 30 -40 30
1 -55 35 -55 35 -60 30 -50 40
1 -65 35 -55 35 -60 30 -60 40
1 -55 25 -55 35 -60 30 -50 30
1 -65 35 -65 35 -70 30 -60 40
1 -75 35 -65 35 -70 30 -70 40
1 -65 25 -65 35 -70 30 -60 30
1 -75 35 -75 35 -80 30 -70 40
1 -85 35 -75 35 -80 30 -80 40
1 -75 25 -75 35 -80 30 -70 30
1 -85 35 -85 35 -90 30 -80 40
1 -85 25 -85 35 -90 30 -80 30
1 85 25 85 25 80 20 90 30
1 75 25 85 25 80 20 80 30
1 85 15 85 25 80 20 90 20
1 75 25 75 25 70 20 80 30
1 65 25 75 25 70 20 70 30
1 75 15 75 25 70 20 80 20
1 65 25 65 25 60 20 70 30
1 55 25 65 25 60 20 60 30
1 65 15 65 25 60 20 70 20
1 55 25 55 25 50 20 60 30
1 45 25 55 25 50 20 50 30
1 55 15 55 25 50 20 60 20
1 45 25 45 25 40 20 50 30
1 35 25 45 25 40 20 40 30
1 45 15 45 25 40 20 50 20
1 35 25 35 25 30 20 40 30
1 25 25 35 25 30 20 30 30
1 35 15 35 25 30 20 40 20
1 25 25 25 25 20 20 30 30
1 15 25 25 25 20 20 20 30
1 25 15 25 25 20 20 30 20
1 15 25 15 25 10 20 20 30
1 5 25 15 25 10 20 10 30
1 15 15 15 25 10 20 20 20
1 5 25 5 25 0 20 10 30
1 -5 25 5 25 0 20 0 30
1 5 15 5 25 0 20 10 20
1 -5 25 -5 25 -10 20 0 30
1 -15 25 -5 25 -10 20 -10 30
1 -5 15 -5 25 -10 20 0 20
1 -15 25 -15 25 -20 20 -10 30
1 -25 25 -15 25 -20 20 -20 30
1 -15 15 -15 25 -20 20 -10 20
1 -25 25 -25 25 -30 20 -20 30
1 -35 25 -25 25 -30 20 -30 30
1 -25 15 -25 25 -30 20 -20 20
1 -35 25 -35 25 -40 20 -30 30
1 -45 25 -35 25 -40 20 -40 30
1 -35 15 -35 25 -40 20 -30 20
1 -45 25 -45 25 -50 20 -40 30
1 -55 25 -45 25 -50 20 -50 30
1 -45 15 -45 25 -50 20 -40 20
1 -55 25 -55 25 -60 20 -50 30
1 -65 25 -55 25 -60 20 -60 30
1 -55 15 -55 25 -60 20 -50 20
1 -65 25 -65 25 -70 20 -60 30
1 -75 25 -65 25 -70 20 -70 30
1 -65 15 -65 25 -70 20 -60 20
1 -75 25 -75 25 -80 20 -70 30
1 -85 25 -75 25 -80 20 -80 30
1 -75 15 -75 25 -80 20 -70 20
1 -85 25 -85 25 -90 20 -80 30
1 -85 15 -85 25 -90 20 -80 20
1 85 15 85 15 80 10 90 20
1 75 15 85 15 80 10 80 20
1 85 5 85 15 80 10 90 10
1 75 15 75 15 70 10 80 20
1 65 15 75 15 70 10 70 20
1 75 5 75 15 70 10 80 10
1 65 15 65 15 60 10 70 20
1 55 15 65 15 60 10 60 20
1 65 5 65 15 60 10 70 10
1 55 15 55 15 50 10 60 20
1 45 15 55 15 50 10 50 20
1 55 5 55 15 50 10 60 10
1 45 15 45 15 40 10 50 20
1 35 15 45 15 40 10 40 20
1 45 5 45 15 40 10 50 10
1 35 15 35 15 30 10 40 20
1 25 15 35 15 30 10 30 20
1 35 5 35 15 30 10 40 10
1 25 15 25 15 20 10 30 20
1 15 15 25 15 20 10 20 20
1 25 5 25 15 20 10 30 10
1 15 15 15 15 10 10 20 20
1 5 15 15 15 10 10 10 20
1 15 5 15 15 10 10 20 10
1 5 15 5 15 0 10 10 20
1 -5 15 5 15 0 10 0 20
1 5 5 5 15 0 10 10 10
1 -5 15 -5 15 -10 10 0 20
1 -15 15 -5 15 -10 10 -10 20
1 -5 5 -5 15 -10 10 0 10
1 -15 15 -15 15 -20 10 -10 20
1 -25 15 -15 15 -20 10 -20 20
1 -15 5 -15 15 -20 10 -10 10
1 -25 15 -25 15 -30 10 -20 20
1 -35 15 -25 15 -30 10 -30 20
1 -25 5 -25 15 -30 10 -20 10
1 -35 15 -35 15 -40 10 -30 20
1 -45 15 -35 15 -40 10 -40 20
1 -35 5 -35 15 -40 10 -30 10
1 -45 15 -45 15 -50 10 -40 20
1 -55 15 -45 15 -50 10 -50 20
1 -45 5 -45 15 -50 10 -40 10
1 -55 15 -55 15 -60 10 -50 20
1 -65 15 -55 15 -60 10 -60 20
1 -55 5 -55 15 -60 10 -50 10
1 -65 15 -65 15 -70 10 -60 20
1 -75 15 -65 15 -70 10 -70 20
1 -65 5 -65 15 -70 10 -60 10
1 -75 15 -75 15 -80 10 -70 20
1 -85 15 -75 15 -80 10 -80 20
1 -75 5 -75 15 -80 10 -70 10
1 -85 15 -85 15 -90 10 -80 20
1 -85 5 -85 15 -90 10 -80 10
1 85 5 85 5 80 0 90 10
1 75 5 85 5 80 0 80 10
1 85 -5 85 5 80 0 90 0
1 75 5 75 5 70 0 80 10
1 65 5 75 5 70 0 70 10
1 75 -5 75 5 70 0 80 0
1 65 5 65 5 60 0 70 10
1 55 5 65 5 60 0 60 10
1 65 -5 65 5 60 0 70 0
1 55 5 55 5 50 0 60 10
1 45 5 55 5 50 0 50 10
1 55 -5 55 5 50 0 60 0
1 45 5 45 5 40 0 50 10
1 35 5 45 5 40 0 40 10
1 45 -5 45 5 40 0 50 0
1 35 5 35 5 30 0 40 10
1 25 5 35 5 30 0 30 10
1 35 -5 35 5 30 0 40 0
1 25 5 25 5 20 0 30 10
1 15 5 25 5 20 0 20 10
1 25 -5 25 5 20 0 30 0
1 15 5 15 5 10 0 20 10
1 5 5 15 5 10 0 10 10
1 15 -5 15 5 10 0 20 0
1 5 5 5 5 0 0 10 10
1 -5 5 5 5 0 0 0 10
1 5 -5 5 5 0 0 10 0
1 -5 5 -5 5 -10 0 0 10
1 -15 5 -5 5 -10 0 -10 10
1 -5 -5 -5 5 -10 0 0 0
1 -15 5 -15 5 -20 0 -10 10
1 -25 5 -15 5 -20 0 -20 10
1 -15 -5 -15 5 -20 0 -10 0
1 -25 5 -25 5 -30 0 -20 10
1 -35 5 -25 5 -30 0 -30 10
1 -25 -5 -25 5 -30 0 -20 0
1 -35 5 -35 5 -40 0 -30 10
1 -45 5 -35 5 -40 0 -40 10
1 -35 -5 -35 5 -40 0 -30 0
1 -45 5 -45 5 -50 0 -40 10
1 -55 5 -45 5 -50 0 -50 10
1 -45 -5 -45 5 -50 0 -40 0
1 -55 5 -55 5 -60 0 -50 10
1 -65 5 -55 5 -60 0 -60 10
1 -55 -5 -55 5 -60 0 -50 0
1 -65 5 -65 5 -70 0 -60 10
1 -75 5 -65 5 -70 0 -70 10
1 -65 -5 -65 5 -70 0 -60 0
1 -75 5 -75 5 -80 0 -70 10
1 -85 5 -75 5 -80 0 -80 10
1 -75 -5 -75 5 -80 0 -70 0
1 -85 5 -85 5 -90 0 -80 10
1 -85 -5 -85 5 -90 0 -80 0
1 85 -5 85 -5 80 -10 90 0
1 75 -5 85 -5 80 -10 80 0
1 85 -15 85 -5 80 -10 90 -10
1 75 -5 75 -5 70 -10 80 0
1 65 -5 75 -5 70 -10 70 0
1 75 -15 75 -5 70 -10 80 -10
1 65 -5 65 -5 60 -10 70 0
1 55 -5 65 -5 60 -10 60 0
1 65 -15 65 -5 60 -10 70 -10
1 55 -5 55 -5 50 -10 60 0
1 45 -5 55 -5 50 -10 50 0
1 55 -15 55 -5 50 -10 60 -10
1 45 -5 45 -5 40 -10 50 0
1 35 -5 45 -5 40 -10 40 0
1 45 -15 45 -5 40 -10 50 -10
1 35 -5 35 -5 30 -10 40 0
1 25 -5 35 -5 30 -10 30 0
1 35 -15 35 -5 30 -10 40 -10
1 25 -5 25 -5 20 -10 30 0
1 15 -5 25 -5 20 -10 20 0
1 25 -15 25 -5 20 -10 30 -10
1 15 -5 15 -5 10 -10 20 0
1 5 -5 15 -5 10 -10 10 0
1 15 -15 15 -5 10 -10 20 -10
1 5 -5 5 -5 0 -10 10 0
1 -5 -5 5 -5 0 -10 0 0
1 5 -15 5 -5 0 -10 10 -10
1 -5 -5 -5 -5 -10 -10 0 0
1 -15 -5 -5 -5 -10 -10 -10 0
1 -5 -15 -5 -5 -10 -10 0 -10
1 -15 -5 -15 -5 -20 -10 -10 0
1 -25 -5 -15 -5 -20 -10 -20 0
1 -15 -15 -15 -5 -20 -10 -10 -10
1 -25 -5 -25 -5 -30 -10 -20 0
1 -35 -5 -25 -5 -30 -10 -30 0
1 -25 -15 -25 -5 -30 -10 -20 -10
1 -35 -5 -35 -5 -40 -10 -30 0
1 -45 -5 -35 -5 -40 -10 -40 0
1 -35 -15 -35 -5 -40 -10 -30 -10
1 -45 -5 -45 -5 -50 -10 -40 0
1 -55 -5 -45 -5 -50 -10 -50 0
1 -45 -15 -45 -5 -50 -10 -40 -10
1 -55 -5 -55 -5 -60 -10 -50 0
1 -65 -5 -55 -5 -60 -10 -60 0
1 -55 -15 -55 -5 -60 -10 -50 -10
1 -65 -5 -65 -5 -70 -10 -60 0
1 -75 -5 -65 -5 -70 -10 -70 0
1 -65 -15 -65 -5 -70 -10 -60 -10
1 -75 -5 -75 -5 -80 -10 -70 0
1 -85 -5 -75 -5 -80 -10 -80 0
1 -75 -15 -75 -5 -80 -10 -70 -10
1 -85 -5 -85 -5 -90 -10 -80 0
1 -85 -15 -85 -5 -90 -10 -80 -10
1 85 -15 85 -15 80 -20 90 -10
1 75 -15 85 -15 80 -20 80 -10
1 85 -25 85 -15 80 -20 90 -20
1 75 -15 75 -15 70 -20 80 -10
1 65 -15 75 -15 70 -20 70 -10
1 75 -25 75 -15 70 -20 80 -20
1 65 -15 65 -15 60 -20 70 -10
1 55 -15 65 -15 60 -20 60 -10
1 65 -25 65 -15 60 -20 70 -20
1 55 -15 55 -15 50 -20 60 -10
1 45 -15 55 -15 50 -20 50 -10
1 55 -25 55 -15 50 -20 60 -20
1 45 -15 45 -15 40 -20 50 -10
1 35 -15 45 -15 40 -20 40 -10
1 45 -25 45 -15 40 -20 50 -20
1 35 -15 35 -15 30 -20 40 -10
1 25 -15 35 -15 30 -20 30 -10
1 35 -25 35 -15 30 -20 40 -20
1 25 -15 25 -15 20 -20 30 -10
1 15 -15 25 -15 20 -20 20 -10
1 25 -25 25 -15 20 -20 30 -20
1 15 -15 15 -15 10 -20 20 -10
1 5 -15 15 -15 10 -20 10 -10
1 15 -25 15 -15 10 -20 20 -20
1 5 -15 5 -15 0 -20 10 -10
1 -5 -15 5 -15 0 -20 0 -10
1 5 -25 5 -15 0 -20 10 -20
1 -5 -15 -5 -15 -10 -20 0 -10
1 -15 -15 -5 -15 -10 -20 -10 -10
1 -5 -25 -5 -15 -10 -20 0 -20
1 -15 -15 -15 -15 -20 -20 -10 -10
1 -25 -15 -15 -15 -20 -20 -20 -10
1 -15 -25 -15 -15 -20 -20 -10 -20
1 -25 -15 -25 -15 -30 -20 -20 -10
1 -35 -15 -25 -15 -30 -20 -30 -10
1 -25 -25 -25 -15 -30 -20 -20 -20
1 -35 -15 -35 -15 -40 -20 -30 -10
1 -45 -15 -35 -15 -40 -20 -40 -10
1 -35 -25 -35 -15 -40 -20 -30 -20
1 -45 -15 -45 -15 -50 -20 -40 -10
1 -55 -15 -45 -15 -50 -20 -50 -10
1 -45 -25 -45 -15 -50 -20 -40 -20
1 -55 -15 -55 -15 -60 -20 -50 -10
1 -65 -15 -55 -15 -60 -20 -60 -10
1 -55 -25 -55 -15 -60 -20 -50 -20
1 -65 -15 -65 -15 -70 -20 -60 -10
1 -75 -15 -65 -15 -70 -20 -70 -10
1 -65 -25 -65 -15 -70 -20 -60 -20
1 -75 -15 -75 -15 -80 -20 -70 -10
1 -85 -15 -75 -15 -80 -20 -80 -10
1 -75 -25 -75 -15 -80 -20 -70 -20
1 -85 -15 -85 -15 -90 -20 -80 -10
1 -85 -25 -85 -15 -90 -20 -80 -20
1 85 -25 85 -25 80 -30 90 -20
1 75 -25 85 -25 80 -30 80 -20
1 85 -35 85 -25 80 -30 90 -30
1 75 -25 75 -25 70 -30 80 -20
1 65 -25 75 -25 70 -30 70 -20
1 75 -35 75 -25 70 -30 80 -30
1 65 -25 65 -25 60 -30 70 -20
1 55 -25 65 -25 60 -30 60 -20
1 65 -35 65 -25 60 -30 70 -30
1 55 -25 55 -25 50 -30 60 -20
1 45 -25 55 -25 50 -30 50 -20
1 55 -35 55 -25 50 -30 60 -30
1 45 -25 45 -25 40 -30 50 -20
1 35 -25 45 -25 40 -30 40 -20
1 45 -35 45 -25 40 -30 50 -30
1 35 -25 35 -25 30 -30 40 -20
1 25 -25 35 -25 30 -30 30 -20
1 35 -35 35 -25 30 -30 40 -30
1 25 -25 25 -25 20 -30 30 -20
1 15 -25 25 -25 20 -30 20 -20
1 25 -35 25 -25 20 -30 30 -30
1 15 -25 15 -25 10 -30 20 -20
1 5 -25 15 -25 10 -30 10 -20
1 15 -35 15 -25 10 -30 20 -30
1 5 -25 5 -25 0 -30 10 -20
1 -5 -25 5 -25 0 -30 0 -20
1 5 -35 5 -25 0 -30 10 -30
1 -5 -25 -5 -25 -10 -30 0 -20
1 -15 -25 -5 -25 -10 -30 -10 -20
1 -5 -35 -5 -25 -10 -30 0 -30
1 -15 -25 -15 -25 -20 -30 -10 -20
1 -25 -25 -15 -25 -20 -30 -20 -20
1 -15 -35 -15 -25 -20 -30 -10 -30
1 -25 -25 -25 -25 -30 -30 -20 -20
1 -35 -25 -25 -25 -30 -30 -30 -20
1 -25 -35 -25 -25 -30 -30 -20 -30
1 -35 -25 -35 -25 -40 -30 -30 -20
1 -45 -25 -35 -25 -40 -30 -40 -20
1 -35 -35 -35 -25 -40 -30 -30 -30
1 -45 -25 -45 -25 -50 -30 -40 -20
1 -55 -25 -45 -25 -50 -30 -50 -20
1 -45 -35 -45 -25 -50 -30 -40 -30
1 -55 -25 -55 -25 -60 -30 -50 -20
1 -65 -25 -55 -25 -60 -30 -60 -20
1 -55 -35 -55 -25 -60 -30 -50 -30
1 -65 -25 -65 -25 -70 -30 -60 -20
1 -75 -25 -65 -25 -70 -30 -70 -20
1 -65 -35 -65 -25 -70 -30 -60 -30
1 -75 -25 -75 -25 -80 -30 -70 -20
1 -85 -25 -75 -25 -80 -30 -80 -20
1 -75 -35 -75 -25 -80 -30 -70 -30
1 -85 -25 -85 -25 -90 -30 -80 -20
1 -85 -35 -85 -25 -90 -30 -80 -30
1 85 -35 85 -35 80 -40 90 -30
1 75 -35 85 -35 80 -40 80 -30
1 85 -45 85 -35 80 -40 90 -40
1 75 -35 75 -35 70 -40 80 -30
1 65 -35 75 -35 70 -40 70 -30
1 75 -45 75 -35 70 -40 80 -40
1 65 -35 65 -35 60 -40 70 -30
1 55 -35 65 -35 60 -40 60 -30
1 65 -45 65 -35 60 -40 70 -40
1 55 -35 55 -35 50 -40 60 -30
1 45 -35 55 -35 50 -40 50 -30
1 55 -45 55 -35 50 -40 60 -40
1 45 -35 45 -35 40 -40 50 -30
1 35 -35 45 -35 40 -40 40 -30
1 45 -45 45 -35 40 -40 50 -40
1 35 -35 35 -35 30 -40 40 -30
1 25 -35 35 -35 30 -40 30 -30
1 35 -45 35 -35 30 -40 40 -40
1 25 -35 25 -35 20 -40 30 -30
1 15 -35 25 -35 20 -40 20 -30
1 25 -45 25 -35 20 -40 30 -40
1 15 -35 15 -35 10 -40 20 -30
1 5 -35 15 -35 10 -40 10 -30
1 15 -45 15 -35 10 -40 20 -40
1 5 -35 5 -35 0 -40 10 -30
1 -5 -35 5 -35 0 -40 0 -30
1 5 -45 5 -35 0 -40 10 -40
1 -5 -35 -5 -35 -10 -40 0 -30
1 -15 -35 -5 -35 -10 -40 -10 -30
1 -5 -45 -5 -35 -10 -40 0 -40
1 -15 -35 -15 -35 -20 -40 -10 -30
1 -25 -35 -15 -35 -20 -40 -20 -30
1 -15 -45 -15 -35 -20 -40 -10 -40
1 -25 -35 -25 -35 -30 -40 -20 -30
1 -35 -35 -25 -35 -30 -40 -30 -30
1 -25 -45 -25 -35 -30 -40 -20 -40
1 -35 -35 -35 -35 -40 -40 -30 -30
1 -45 -35 -35 -35 -40 -40 -40 -30
1 -35 -45 -35 -35 -40 -40 -30 -40
1 -45 -35 -45 -35 -50 -40 -40 -30
1 -55 -35 -45 -35 -50 -40 -50 -30
1 -45 -45 -45 -35 -50 -40 -40 -40
1 -55 -35 -55 -35 -60 -40 -50 -30
1 -65 -35 -55 -35 -60 -40 -60 -30
1 -55 -45 -55 -35 -60 -40 -50 -40
1 -65 -35 -65 -35 -70 -40 -60 -30
1 -75 -35 -65 -35 -70 -40 -70 -30
1 -65 -45 -65 -35 -70 -40 -60 -40
1 -75 -35 -75 -35 -80 -40 -70 -30
1 -85 -35 -75 -35 -80 -40 -80 -30
1 -75 -45 -75 -35 -80 -40 -70 -40
1 -85 -35 -85 -35 -90 -40 -80 -30
1 -85 -45 -85 -35 -90 -40 -80 -40
1 85 -45 85 -45 80 -50 90 -40
1 75 -45 85 -45 80 -50 80 -40
1 85 -55 85 -45 80 -50 90 -50
1 75 -45 75 -45 70 -50 80 -40
1 65 -45 75 -45 70 -50 70 -40
1 75 -55 75 -45 70 -50 80 -50
1 65 -45 65 -45 60 -50 70 -40
1 55 -45 65 -45 60 -50 60 -40
1 65 -55 65 -45 60 -50 70 -50
1 55 -45 55 -45 50 -50 60 -40
1 45 -45 55 -45 50 -50 50 -40
1 55 -55 55 -45 50 -50 60 -50
1 45 -45 45 -45 40 -50 50 -40
1 35 -45 45 -45 40 -50 40 -40
1 45 -55 45 -45 40 -50 50 -50
1 35 -45 35 -45 30 -50 40 -40
1 25 -45 35 -45 30 -50 30 -40
1 35 -55 35 -45 30 -50 40 -50
1 25 -45 25 -45 20 -50 30 -40
1 15 -45 25 -45 20 -50 20 -40
1 25 -55 25 -45 20 -50 30 -50
1 15 -45 15 -45 10 -50 20 -40
1 5 -45 15 -45 10 -50 10 -40
1 15 -55 15 -45 10 -50 20 -50
1 5 -45 5 -45 0 -50 10 -40
1 -5 -45 5 -45 0 -50 0 -40
1 5 -55 5 -45 0 -50 10 -50
1 -5 -45 -5 -45 -10 -50 0 -40
1 -15 -45 -5 -45 -10 -50 -10 -40
1 -5 -55 -5 -45 -10 -50 0 -50
1 -15 -45 -15 -45 -20 -50 -10 -40
1 -25 -45 -15 -45 -20 -50 -20 -40
1 -15 -55 -15 -45 -20 -50 -10 -50
1 -25 -45 -25 -45 -30 -50 -20 -40
1 -35 -45 -25 -45 -30 -50 -30 -40
1 -25 -55 -25 -45 -30 -50 -20 -50
1 -35 -45 -35 -45 -40 -50 -30 -40
1 -45 -45 -35 -45 -40 -50 -40 -40
1 -35 -55 -35 -45 -40 -50 -30 -50
1 -45 -45 -45 -45 -50 -50 -40 -40
1 -55 -45 -45 -45 -50 -50 -50 -40
1 -45 -55 -45 -45 -50 -50 -40 -50
1 -55 -45 -55 -45 -60 -50 -50 -40
1 -65 -45 -55 -45 -60 -50 -60 -40
1 -55 -55 -55 -45 -60 -50 -50 -50
1 -65 -45 -65 -45 -70 -50 -60 -40
1 -75 -45 -65 -45 -70 -50 -70 -40
1 -65 -55 -65 -45 -70 -50 -60 -50
1 -75 -45 -75 -45 -80 -50 -70 -40
1 -85 -45 -75 -45 -80 -50 -80 -40
1 -75 -55 -75 -45 -80 -50 -70 -50
1 -85 -45 -85 -45 -90 -50 -80 -40
1 -85 -55 -85 -45 -90 -50 -80 -50
1 85 -55 85 -55 80 -60 90 -50
1 75 -55 85 -55 80 -60 80 -50
1 85 -65 85 -55 80 -60 90 -60
1 75 -55 75 -55 70 -60 80 -50
1 65 -55 75 -55 70 -60 70 -50
1 75 -65 75 -55 70 -60 80 -60
1 65 -55 65 -55 60 -60 70 -50
1 55 -55 65 -55 60 -60 60 -50
1 65 -65 65 -55 60 -60 70 -60
1 55 -55 55 -55 50 -60 60 -50
1 45 -55 55 -55 50 -60 50 -50
1 55 -65 55 -55 50 -60 60 -60
1 45 -55 45 -55 40 -60 50 -50
1 35 -55 45 -55 40 -60 40 -50
1 45 -65 45 -55 40 -60 50 -60
1 35 -55 35 -55 30 -60 40 -50
1 25 -55 35 -55 30 -60 30 -50
1 35 -65 35 -55 30 -60 40 -60
1 25 -55 25 -55 20 -60 30 -50
1 15 -55 25 -55 20 -60 20 -50
1 25 -65 25 -55 20 -60 30 -60
1 15 -55 15 -55 10 -60 20 -50
1 5 -55 15 -55 10 -60 10 -50
1 15 -65 15 -55 10 -60 20 -60
1 5 -55 5 -55 0 -60 10 -50
1 -5 -55 5 -55 0 -60 0 -50
1 5 -65 5 -55 0 -60 10 -60
1 -5 -55 -5 -55 -10 -60 0 -50
1 -15 -55 -5 -55 -10 -60 -10 -50
1 -5 -65 -5 -55 -10 -60 0 -60
1 -15 -55 -15 -55 -20 -60 -10 -50
1 -25 -55 -15 -55 -20 -60 -20 -50
1 -15 -65 -15 -55 -20 -60 -10 -60
1 -25 -55 -25 -55 -30 -60 -20 -50
1 -35 -55 -25 -55 -30 -60 -30 -50
1 -25 -65 -25 -55 -30 -60 -20 -60
1 -35 -55 -35 -55 -40 -60 -30 -50
1 -45 -55 -35 -55 -40 -60 -40 -50
1 -35 -65 -35 -55 -40 -60 -30 -60
1 -45 -55 -45 -55 -50 -60 -40 -50
1 -55 -55 -45 -55 -50 -60 -50 -50
1 -45 -65 -45 -55 -50 -60 -40 -60
1 -55 -55 -55 -55 -60 -60 -50 -50
1 -65 -55 -55 -55 -60 -60 -60 -50
1 -55 -65 -55 -55 -60 -60 -50 -60
1 -65 -55 -65 -55 -70 -60 -60 -50
1 -75 -55 -65 -55 -70 -60 -70 -50
1 -65 -65 -65 -55 -70 -60 -60 -60
1 -75 -55 -75 -55 -80 -60 -70 -50
1 -85 -55 -75 -55 -80 -60 -80 -50
1 -75 -65 -75 -55 -80 -60 -70 -60
1 -85 -55 -85 -55 -90 -60 -80 -50
1 -85 -65 -85 -55 -90 -60 -80 -60
1 85 -65 85 -65 80 -70 90 -60
1 75 -65 85 -65 80 -70 80 -60
1 85 -75 85 -65 80 -70 90 -70
1 75 -65 75 -65 70 -70 80 -60
1 65 -65 75 -65 70 -70 70 -60
1 75 -75 75 -65 70 -70 80 -70
1 65 -65 65 -65 60 -70 70 -60
1 55 -65 65 -65 60 -70 60 -60
1 65 -75 65 -65 60 -70 70 -70
1 55 -65 55 -65 50 -70 60 -60
1 45 -65 55 -65 50 -70 50 -60
1 55 -75 55 -65 50 -70 60 -70
1 45 -65 45 -65 40 -70 50 -60
1 35 -65 45 -65 40 -70 40 -60
1 45 -75 45 -65 40 -70 50 -70
1 35 -65 35 -65 30 -70 40 -60
1 25 -65 35 -65 30 -70 30 -60
1 35 -75 35 -65 30 -70 40 -70
1 25 -65 25 -65 20 -70 30 -60
1 15 -65 25 -65 20 -70 20 -60
1 25 -75 25 -65 20 -70 30 -70
1 15 -65 15 -65 10 -70 20 -60
1 5 -65 15 -65 10 -70 10 -60
1 15 -75 15 -65 10 -70 20 -70
1 5 -65 5 -65 0 -70 10 -60
1 -5 -65 5 -65 0 -70 0 -60
1 5 -75 5 -65 0 -70 10 -70
1 -5 -65 -5 -65 -10 -70 0 -60
1 -15 -65 -5 -65 -10 -70 -10 -60
1 -5 -75 -5 -65 -10 -70 0 -70
1 -15 -65 -15 -65 -20 -70 -10 -60
1 -25 -65 -15 -65 -20 -70 -20 -60
1 -15 -75 -15 -65 -20 -70 -10 -70
1 -25 -65 -25 -65 -30 -70 -20 -60
1 -35 -65 -25 -65 -30 -70 -30 -60
1 -25 -75 -25 -65 -30 -70 -20 -70
1 -35 -65 -35 -65 -40 -70 -30 -60
1 -45 -65 -35 -65 -40 -70 -40 -60
1 -35 -75 -35 -65 -40 -70 -30 -70
1 -45 -65 -45 -65 -50 -70 -40 -60
1 -55 -65 -45 -65 -50 -70 -50 -60
1 -45 -75 -45 -65 -50 -70 -40 -70
1 -55 -65 -55 -65 -60 -70 -50 -60
1 -65 -65 -55 -65 -60 -70 -60 -60
1 -55 -75 -55 -65 -60 -70 -50 -70
1 -65 -65 -65 -65 -70 -70 -60 -60
1 -75 -65 -65 -65 -70 -70 -70 -60
1 -65 -75 -65 -65 -70 -70 -60 -70
1 -75 -65 -75 -65 -80 -70 -70 -60
1 -85 -65 -75 -65 -80 -70 -80 -60
1 -75 -75 -75 -65 -80 -70 -70 -70
1 -85 -65 -85 -65 -90 -70 -80 -60
1 -85 -75 -85 -65 -90 -70 -80 -70
1 85 -75 85 -75 80 -80 90 -70
1 75 -75 85 -75 80 -80 80 -70
1 85 -85 85 -75 80 -80 90 -80
1 75 -75 75 -75 70 -80 80 -70
1 65 -75 75 -75 70 -80 70 -70
1 75 -85 75 -75 70 -80 80 -80
1 65 -75 65 -75 60 -80 70 -70
1 55 -75 65 -75 60 -80 60 -70
1 65 -85 65 -75 60 -80 70 -80
1 55 -75 55 -75 50 -80 60 -70
1 45 -75 55 -75 50 -80 50 -70
1 55 -85 55 -75 50 -80 60 -80
1 45 -75 45 -75 40 -80 50 -70
1 35 -75 45 -75 40 -80 40 -70
1 45 -85 45 -75 40 -80 50 -80
1 35 -75 35 -75 30 -80 40 -70
1 25 -75 35 -75 30 -80 30 -70
1 35 -85 35 -75 30 -80 40 -80
1 25 -75 25 -75 20 -80 30 -70
1 15 -75 25 -75 20 -80 20 -70
1 25 -85 25 -75 20 -80 30 -80
1 15 -75 15 -75 10 -80 20 -70
1 5 -75 15 -75 10 -80 10 -70
1 15 -85 15 -75 10 -80 20 -80
1 5 -75 5 -75 0 -80 10 -70
1 -5 -75 5 -75 0 -80 0 -70
1 5 -85 5 -75 0 -80 10 -80
1 -5 -75 -5 -75 -10 -80 0 -70
1 -15 -75 -5 -75 -10 -80 -10 -70
1 -5 -85 -5 -75 -10 -80 0 -80
1 -15 -75 -15 -75 -20 -80 -10 -70
1 -25 -75 -15 -75 -20 -80 -20 -70
1 -15 -85 -15 -75 -20 -80 -10 -80
1 -25 -75 -25 -75 -30 -80 -20 -70
1 -35 -75 -25 -75 -30 -80 -30 -70
1 -25 -85 -25 -75 -30 -80 -20 -80
1 -35 -75 -35 -75 -40 -80 -30 -70
1 -45 -75 -35 -75 -40 -80 -40 -70
1 -35 -85 -35 -75 -40 -80 -30 -80
1 -45 -75 -45 -75 -50 -80 -40 -70
1 -55 -75 -45 -75 -50 -80 -50 -70
1 -45 -85 -45 -75 -50 -80 -40 -80
1 -55 -75 -55 -75 -60 -80 -50 -70
1 -65 -75 -55 -75 -60 -80 -60 -70
1 -55 -85 -55 -75 -60 -80 -50 -80
1 -65 -75 -65 -75 -70 -80 -60 -70
1 -75 -75 -65 -75 -70 -80 -70 -70
1 -65 -85 -65 -75 -70 -80 -60 -80
1 -75 -75 -75 -75 -80 -80 -70 -70
1 -85 -75 -75 -75 -80 -80 -80 -70
1 -75 -85 -75 -75 -80 -80 -70 -80
1 -85 -75 -85 -75 -90 -80 -80 -70
1 -85 -85 -85 -75 -90 -80 -80 -80
1 85 -85 85 -85 80 -90 90 -80
1 75 -85 85 -85 80 -90 80 -80
1 75 -85 75 -85 70 -90 80 -80
1 65 -85 75 -85 70 -90 70 -80
1 65 -85 65 -85 60 -90 70 -80
1 55 -85 65 -85 60 -90 60 -80
1 55 -85 55 -85 50 -90 60 -80
1 45 -85 55 -85 50 -90 50 -80
1 45 -85 45 -85 40 -90 50 -80
1 35 -85 45 -85 40 -90 40 -80
1 35 -85 35 -85 30 -90 40 -80
1 25 -85 35 -85 30 -90 30 -80
1 25 -85 25 -85 20 -90 30 -80
1 15 -85 25 -85 20 -90 20 -80
1 15 -85 15 -85 10 -90 20 -80
1 5 -85 15 -85 10 -90 10 -80
1 5 -85 5 -85 0 -90 10 -80
1 -5 -85 5 -85 0 -90 0 -80
1 -5 -85 -5 -85 -10 -90 0 -80
1 -15 -85 -5 -85 -10 -90 -10 -80
1 -15 -85 -15 -85 -20 -90 -10 -80
1 -25 -85 -15 -85 -20 -90 -20 -80
1 -25 -85 -25 -85 -30 -90 -20 -80
1 -35 -85 -25 -85 -30 -90 -30 -80
1 -35 -85 -35 -85 -40 -90 -30 -80
1 -45 -85 -35 -85 -40 -90 -40 -80
1 -45 -85 -45 -85 -50 -90 -40 -80
1 -55 -85 -45 -85 -50 -90 -50 -80
1 -55 -85 -55 -85 -60 -90 -50 -80
1 -65 -85 -55 -85 -60 -90 -60 -80
1 -65 -85 -65 -85 -70 -90 -60 -80
1 -75 -85 -65 -85 -70 -90 -70 -80
1 -75 -85 -75 -85 -80 -90 -70 -80
1 -85 -85 -75 -85 -80 -90 -80 -80
1 -85 -85 -85 -85 -90 -90 -80 -80
