1 -85 -100 -85 -86.25 -90 -90 -80 -90
1 -75 -100 -75 -86.25 -80 -90 -70 -90
1 -65 -100 -65 -86.25 -70 -90 -60 -90
1 -55 -100 -55 -86.25 -60 -90 -50 -90
1 -45 -100 -45 -86.25 -50 -90 -40 -90
1 -35 -100 -35 -86.25 -40 -90 -30 -90
1 -25 -100 -25 -86.25 -30 -90 -20 -90
1 -15 -100 -15 -86.25 -20 -90 -10 -90
1 -5 -100 -5 -86.25 -10 -90 0 -90
1 5 -100 5 -86.25 0 -90 10 -90
1 15 -100 15 -86.25 10 -90 20 -90
1 25 -100 25 -86.25 20 -90 30 -90
1 35 -100 35 -86.25 30 -90 40 -90
1 45 -100 45 -86.25 40 -90 50 -90
1 55 -100 55 -86.25 50 -90 60 -90
1 65 -100 65 -86.25 60 -90 70 -90
1 75 -100 75 -86.25 70 -90 80 -90
1 85 -100 85 -86.25 80 -90 90 -90
1 90 -83.75 100 -88.75 90 -90 95 -80
1 100 -70 100 -70 95 -80 95 -60
1 100 -50 100 -50 95 -60 95 -40
1 100 -30 100 -30 95 -40 95 -20
1 100 -10 100 -10 95 -20 95 0
1 100 10 100 10 95 0 95 20
1 100 30 100 30 95 20 95 40
1 100 50 100 50 95 40 95 60
1 100 70 100 70 95 60 95 80
1 90 83.75 100 88.75 95 80 90 90
1 85 86.25 85 100 80 90 90 90
1 75 86.25 75 100 70 90 80 90
1 65 86.25 65 100 60 90 70 90
1 55 86.25 55 100 50 90 60 90
1 45 86.25 45 100 40 90 50 90
1 35 86.25 35 100 30 90 40 90
1 25 86.25 25 100 20 90 30 90
1 15 86.25 15 100 10 90 20 90
1 5 86.25 5 100 0 90 10 90
1 -5 86.25 -5 100 -10 90 0 90
1 -15 86.25 -15 100 -20 90 -10 90
1 -25 86.25 -25 100 -30 90 -20 90
1 -35 86.25 -35 100 -40 90 -30 90
1 -45 86.25 -45 100 -50 90 -40 90
1 -55 86.25 -55 100 -60 90 -50 90
1 -65 86.25 -65 100 -70 90 -60 90
1 -75 86.25 -75 100 -80 90 -70 90
1 -85 86.25 -85 100 -90 90 -80 90
1 -100 88.75 -90 83.75 -95 80 -90 90
1 -100 70 -100 70 -95 60 -95 80
1 -100 50 -100 50 -95 40 -95 60
1 -100 30 -100 30 -95 20 -95 40
1 -100 10 -100 10 -95 0 -95 20
1 -100 -10 -100 -10 -95 -20 -95 0
1 -100 -30 -100 -30 -95 -40 -95 -20
1 -100 -50 -100 -50 -95 -60 -95 -40
1 -100 -70 -100 -70 -95 -80 -95 -60
1 -100 -88.75 -90 -83.75 -90 -90 -95 -80
1 85 86.25 90 83.75 85 80 90 90
1 80 83.75 85 86.25 85 80 80 90
1 75 86.25 80 83.75 75 80 80 90
1 70 83.75 75 86.25 75 80 70 90
1 65 86.25 70 83.75 65 80 70 90
1 60 83.75 65 86.25 65 80 60 90
1 55 86.25 60 83.75 55 80 60 90
1 50 83.75 55 86.25 55 80 50 90
1 45 86.25 50 83.75 45 80 50 90
1 40 83.75 45 86.25 45 80 40 90
1 35 86.25 40 83.75 35 80 40 90
1 30 83.75 35 86.25 35 80 30 90
1 25 86.25 30 83.75 25 80 30 90
1 20 83.75 25 86.25 25 80 20 90
1 15 86.25 20 83.75 15 80 20 90
1 10 83.75 15 86.25 15 80 10 90
1 5 86.25 10 83.75 5 80 10 90
1 -0 83.75 5 86.25 5 80 0 90
1 -5 86.25 -0 83.75 -5 80 0 90
1 -10 83.75 -5 86.25 -5 80 -10 90
1 -15 86.25 -10 83.75 -15 80 -10 90
1 -20 83.75 -15 86.25 -15 80 -20 90
1 -25 86.25 -20 83.75 -25 80 -20 90
1 -30 83.75 -25 86.25 -25 80 -30 90
1 -35 86.25 -30 83.75 -35 80 -30 90
1 -40 83.75 -35 86.25 -35 80 -40 90
1 -45 86.25 -40 83.75 -45 80 -40 90
1 -50 83.75 -45 86.25 -45 80 -50 90
1 -55 86.25 -50 83.75 -55 80 -50 90
1 -60 83.75 -55 86.25 -55 80 -60 90
1 -65 86.25 -60 83.75 -65 80 -60 90
1 -70 83.75 -65 86.25 -65 80 -70 90
1 -75 86.25 -70 83.75 -75 80 -70 90
1 -80 83.75 -75 86.25 -75 80 -80 90
1 -85 86.25 -80 83.75 -85 80 -80 90
1 -90 83.75 -85 86.25 -85 80 -90 90
1 90 76.25 90 83.75 85 80 95 80
1 80 76.25 80 83.75 75 80 85 80
1 70 76.25 70 83.75 65 80 75 80
1 60 76.25 60 83.75 55 80 65 80
1 50 76.25 50 83.75 45 80 55 80
1 40 76.25 40 83.75 35 80 45 80
1 30 76.25 30 83.75 25 80 35 80
1 20 76.25 20 83.75 15 80 25 80
1 10 76.25 10 83.75 5 80 15 80
1 0 76.25 0 83.75 -5 80 5 80
1 -10 76.25 -10 83.75 -15 80 -5 80
1 -20 76.25 -20 83.75 -25 80 -15 80
1 -30 76.25 -30 83.75 -35 80 -25 80
1 -40 76.25 -40 83.75 -45 80 -35 80
1 -50 76.25 -50 83.75 -55 80 -45 80
1 -60 76.25 -60 83.75 -65 80 -55 80
1 -70 76.25 -70 83.75 -75 80 -65 80
1 -80 76.25 -80 83.75 -85 80 -75 80
1 -90 76.25 -90 83.75 -95 80 -85 80
1 90 63.75 100 68.75 95 60 90 70
1 90 76.25 100 71.25 90 70 95 80
1 85 73.75 90 76.25 90 70 85 80
1 80 76.25 85 73.75 80 70 85 80
1 75 73.75 80 76.25 80 70 75 80
1 70 76.25 75 73.75 70 70 75 80
1 65 73.75 70 76.25 70 70 65 80
1 60 76.25 65 73.75 60 70 65 80
1 55 73.75 60 76.25 60 70 55 80
1 50 76.25 55 73.75 50 70 55 80
1 45 73.75 50 76.25 50 70 45 80
1 40 76.25 45 73.75 40 70 45 80
1 35 73.75 40 76.25 40 70 35 80
1 30 76.25 35 73.75 30 70 35 80
1 25 73.75 30 76.25 30 70 25 80
1 20 76.25 25 73.75 20 70 25 80
1 15 73.75 20 76.25 20 70 15 80
1 10 76.25 15 73.75 10 70 15 80
1 5 73.75 10 76.25 10 70 5 80
1 -0 76.25 5 73.75 0 70 5 80
1 -5 73.75 -0 76.25 0 70 -5 80
1 -10 76.25 -5 73.75 -10 70 -5 80
1 -15 73.75 -10 76.25 -10 70 -15 80
1 -20 76.25 -15 73.75 -20 70 -15 80
1 -25 73.75 -20 76.25 -20 70 -25 80
1 -30 76.25 -25 73.75 -30 70 -25 80
1 -35 73.75 -30 76.25 -30 70 -35 80
1 -40 76.25 -35 73.75 -40 70 -35 80
1 -45 73.75 -40 76.25 -40 70 -45 80
1 -50 76.25 -45 73.75 -50 70 -45 80
1 -55 73.75 -50 76.25 -50 70 -55 80
1 -60 76.25 -55 73.75 -60 70 -55 80
1 -65 73.75 -60 76.25 -60 70 -65 80
1 -70 76.25 -65 73.75 -70 70 -65 80
1 -75 73.75 -70 76.25 -70 70 -75 80
1 -80 76.25 -75 73.75 -80 70 -75 80
1 -85 73.75 -80 76.25 -80 70 -85 80
1 -90 76.25 -85 73.75 -90 70 -85 80
1 -100 71.25 -90 76.25 -90 70 -95 80
1 -100 68.75 -90 63.75 -95 60 -90 70
1 85 66.25 85 73.75 80 70 90 70
1 75 66.25 75 73.75 70 70 80 70
1 65 66.25 65 73.75 60 70 70 70
1 55 66.25 55 73.75 50 70 60 70
1 45 66.25 45 73.75 40 70 50 70
1 35 66.25 35 73.75 30 70 40 70
1 25 66.25 25 73.75 20 70 30 70
1 15 66.25 15 73.75 10 70 20 70
1 5 66.25 5 73.75 0 70 10 70
1 -5 66.25 -5 73.75 -10 70 0 70
1 -15 66.25 -15 73.75 -20 70 -10 70
1 -25 66.25 -25 73.75 -30 70 -20 70
1 -35 66.25 -35 73.75 -40 70 -30 70
1 -45 66.25 -45 73.75 -50 70 -40 70
1 -55 66.25 -55 73.75 -60 70 -50 70
1 -65 66.25 -65 73.75 -70 70 -60 70
1 -75 66.25 -75 73.75 -80 70 -70 70
1 -85 66.25 -85 73.75 -90 70 -80 70
1 85 66.25 90 63.75 85 60 90 70
1 80 63.75 85 66.25 85 60 80 70
1 75 66.25 80 63.75 75 60 80 70
1 70 63.75 75 66.25 75 60 70 70
1 65 66.25 70 63.75 65 60 70 70
1 60 63.75 65 66.25 65 60 60 70
1 55 66.25 60 63.75 55 60 60 70
1 50 63.75 55 66.25 55 60 50 70
1 45 66.25 50 63.75 45 60 50 70
1 40 63.75 45 66.25 45 60 40 70
1 35 66.25 40 63.75 35 60 40 70
1 30 63.75 35 66.25 35 60 30 70
1 25 66.25 30 63.75 25 60 30 70
1 20 63.75 25 66.25 25 60 20 70
1 15 66.25 20 63.75 15 60 20 70
1 10 63.75 15 66.25 15 60 10 70
1 5 66.25 10 63.75 5 60 10 70
1 -0 63.75 5 66.25 5 60 0 70
1 -5 66.25 -0 63.75 -5 60 0 70
1 -10 63.75 -5 66.25 -5 60 -10 70
1 -15 66.25 -10 63.75 -15 60 -10 70
1 -20 63.75 -15 66.25 -15 60 -20 70
1 -25 66.25 -20 63.75 -25 60 -20 70
1 -30 63.75 -25 66.25 -25 60 -30 70
1 -35 66.25 -30 63.75 -35 60 -30 70
1 -40 63.75 -35 66.25 -35 60 -40 70
1 -45 66.25 -40 63.75 -45 60 -40 70
1 -50 63.75 -45 66.25 -45 60 -50 70
1 -55 66.25 -50 63.75 -55 60 -50 70
1 -60 63.75 -55 66.25 -55 60 -60 70
1 -65 66.25 -60 63.75 -65 60 -60 70
1 -70 63.75 -65 66.25 -65 60 -70 70
1 -75 66.25 -70 63.75 -75 60 -70 70
1 -80 63.75 -75 66.25 -75 60 -80 70
1 -85 66.25 -80 63.75 -85 60 -80 70
1 -90 63.75 -85 66.25 -85 60 -90 70
1 90 56.25 90 63.75 85 60 95 60
1 80 56.25 80 63.75 75 60 85 60
1 70 56.25 70 63.75 65 60 75 60
1 60 56.25 60 63.75 55 60 65 60
1 50 56.25 50 63.75 45 60 55 60
1 40 56.25 40 63.75 35 60 45 60
1 30 56.25 30 63.75 25 60 35 60
1 20 56.25 20 63.75 15 60 25 60
1 10 56.25 10 63.75 5 60 15 60
1 0 56.25 0 63.75 -5 60 5 60
1 -10 56.25 -10 63.75 -15 60 -5 60
1 -20 56.25 -20 63.75 -25 60 -15 60
1 -30 56.25 -30 63.75 -35 60 -25 60
1 -40 56.25 -40 63.75 -45 60 -35 60
1 -50 56.25 -50 63.75 -55 60 -45 60
1 -60 56.25 -60 63.75 -65 60 -55 60
1 -70 56.25 -70 63.75 -75 60 -65 60
1 -80 56.25 -80 63.75 -85 60 -75 60
1 -90 56.25 -90 63.75 -95 60 -85 60
1 90 43.75 100 48.75 95 40 90 50
1 90 56.25 100 51.25 90 50 95 60
1 85 53.75 90 56.25 90 50 85 60
1 80 56.25 85 53.75 80 50 85 60
1 75 53.75 80 56.25 80 50 75 60
1 70 56.25 75 53.75 70 50 75 60
1 65 53.75 70 56.25 70 50 65 60
1 60 56.25 65 53.75 60 50 65 60
1 55 53.75 60 56.25 60 50 55 60
1 50 56.25 55 53.75 50 50 55 60
1 45 53.75 50 56.25 50 50 45 60
1 40 56.25 45 53.75 40 50 45 60
1 35 53.75 40 56.25 40 50 35 60
1 30 56.25 35 53.75 30 50 35 60
1 25 53.75 30 56.25 30 50 25 60
1 20 56.25 25 53.75 20 50 25 60
1 15 53.75 20 56.25 20 50 15 60
1 10 56.25 15 53.75 10 50 15 60
1 5 53.75 10 56.25 10 50 5 60
1 -0 56.25 5 53.75 0 50 5 60
1 -5 53.75 -0 56.25 0 50 -5 60
1 -10 56.25 -5 53.75 -10 50 -5 60
1 -15 53.75 -10 56.25 -10 50 -15 60
1 -20 56.25 -15 53.75 -20 50 -15 60
1 -25 53.75 -20 56.25 -20 50 -25 60
1 -30 56.25 -25 53.75 -30 50 -25 60
1 -35 53.75 -30 56.25 -30 50 -35 60
1 -40 56.25 -35 53.75 -40 50 -35 60
1 -45 53.75 -40 56.25 -40 50 -45 60
1 -50 56.25 -45 53.75 -50 50 -45 60
1 -55 53.75 -50 56.25 -50 50 -55 60
1 -60 56.25 -55 53.75 -60 50 -55 60
1 -65 53.75 -60 56.25 -60 50 -65 60
1 -70 56.25 -65 53.75 -70 50 -65 60
1 -75 53.75 -70 56.25 -70 50 -75 60
1 -80 56.25 -75 53.75 -80 50 -75 60
1 -85 53.75 -80 56.25 -80 50 -85 60
1 -90 56.25 -85 53.75 -90 50 -85 60
1 -100 51.25 -90 56.25 -90 50 -95 60
1 -100 48.75 -90 43.75 -95 40 -90 50
1 85 46.25 85 53.75 80 50 90 50
1 75 46.25 75 53.75 70 50 80 50
1 65 46.25 65 53.75 60 50 70 50
1 55 46.25 55 53.75 50 50 60 50
1 45 46.25 45 53.75 40 50 50 50
1 35 46.25 35 53.75 30 50 40 50
1 25 46.25 25 53.75 20 50 30 50
1 15 46.25 15 53.75 10 50 20 50
1 5 46.25 5 53.75 0 50 10 50
1 -5 46.25 -5 53.75 -10 50 0 50
1 -15 46.25 -15 53.75 -20 50 -10 50
1 -25 46.25 -25 53.75 -30 50 -20 50
1 -35 46.25 -35 53.75 -40 50 -30 50
1 -45 46.25 -45 53.75 -50 50 -40 50
1 -55 46.25 -55 53.75 -60 50 -50 50
1 -65 46.25 -65 53.75 -70 50 -60 50
1 -75 46.25 -75 53.75 -80 50 -70 50
1 -85 46.25 -85 53.75 -90 50 -80 50
1 85 46.25 90 43.75 85 40 90 50
1 80 43.75 85 46.25 85 40 80 50
1 75 46.25 80 43.75 75 40 80 50
1 70 43.75 75 46.25 75 40 70 50
1 65 46.25 70 43.75 65 40 70 50
1 60 43.75 65 46.25 65 40 60 50
1 55 46.25 60 43.75 55 40 60 50
1 50 43.75 55 46.25 55 40 50 50
1 45 46.25 50 43.75 45 40 50 50
1 40 43.75 45 46.25 45 40 40 50
1 35 46.25 40 43.75 35 40 40 50
1 30 43.75 35 46.25 35 40 30 50
1 25 46.25 30 43.75 25 40 30 50
1 20 43.75 25 46.25 25 40 20 50
1 15 46.25 20 43.75 15 40 20 50
1 10 43.75 15 46.25 15 40 10 50
1 5 46.25 10 43.75 5 40 10 50
1 -0 43.75 5 46.25 5 40 0 50
1 -5 46.25 -0 43.75 -5 40 0 50
1 -10 43.75 -5 46.25 -5 40 -10 50
1 -15 46.25 -10 43.75 -15 40 -10 50
1 -20 43.75 -15 46.25 -15 40 -20 50
1 -25 46.25 -20 43.75 -25 40 -20 50
1 -30 43.75 -25 46.25 -25 40 -30 50
1 -35 46.25 -30 43.75 -35 40 -30 50
1 -40 43.75 -35 46.25 -35 40 -40 50
1 -45 46.25 -40 43.75 -45 40 -40 50
1 -50 43.75 -45 46.25 -45 40 -50 50
1 -55 46.25 -50 43.75 -55 40 -50 50
1 -60 43.75 -55 46.25 -55 40 -60 50
1 -65 46.25 -60 43.75 -65 40 -60 50
1 -70 43.75 -65 46.25 -65 40 -70 50
1 -75 46.25 -70 43.75 -75 40 -70 50
1 -80 43.75 -75 46.25 -75 40 -80 50
1 -85 46.25 -80 43.75 -85 40 -80 50
1 -90 43.75 -85 46.25 -85 40 -90 50
1 90 36.25 90 43.75 85 40 95 40
1 80 36.25 80 43.75 75 40 85 40
1 70 36.25 70 43.75 65 40 75 40
1 60 36.25 60 43.75 55 40 65 40
1 50 36.25 50 43.75 45 40 55 40
1 40 36.25 40 43.75 35 40 45 40
1 30 36.25 30 43.75 25 40 35 40
1 20 36.25 20 43.75 15 40 25 40
1 10 36.25 10 43.75 5 40 15 40
1 0 36.25 0 43.75 -5 40 5 40
1 -10 36.25 -10 43.75 -15 40 -5 40
1 -20 36.25 -20 43.75 -25 40 -15 40
1 -30 36.25 -30 43.75 -35 40 -25 40
1 -40 36.25 -40 43.75 -45 40 -35 40
1 -50 36.25 -50 43.75 -55 40 -45 40
1 -60 36.25 -60 43.75 -65 40 -55 40
1 -70 36.25 -70 43.75 -75 40 -65 40
1 -80 36.25 -80 43.75 -85 40 -75 40
1 -90 36.25 -90 43.75 -95 40 -85 40
1 90 23.75 100 28.75 95 20 90 30
1 90 36.25 100 31.25 90 30 95 40
1 85 33.75 90 36.25 90 30 85 40
1 80 36.25 85 33.75 80 30 85 40
1 75 33.75 80 36.25 80 30 75 40
1 70 36.25 75 33.75 70 30 75 40
1 65 33.75 70 36.25 70 30 65 40
1 60 36.25 65 33.75 60 30 65 40
1 55 33.75 60 36.25 60 30 55 40
1 50 36.25 55 33.75 50 30 55 40
1 45 33.75 50 36.25 50 30 45 40
1 40 36.25 45 33.75 40 30 45 40
1 35 33.75 40 36.25 40 30 35 40
1 30 36.25 35 33.75 30 30 35 40
1 25 33.75 30 36.25 30 30 25 40
1 20 36.25 25 33.75 20 30 25 40
1 15 33.75 20 36.25 20 30 15 40
1 10 36.25 15 33.75 10 30 15 40
1 5 33.75 10 36.25 10 30 5 40
1 -0 36.25 5 33.75 0 30 5 40
1 -5 33.75 -0 36.25 0 30 -5 40
1 -10 36.25 -5 33.75 -10 30 -5 40
1 -15 33.75 -10 36.25 -10 30 -15 40
1 -20 36.25 -15 33.75 -20 30 -15 40
1 -25 33.75 -20 36.25 -20 30 -25 40
1 -30 36.25 -25 33.75 -30 30 -25 40
1 -35 33.75 -30 36.25 -30 30 -35 40
1 -40 36.25 -35 33.75 -40 30 -35 40
1 -45 33.75 -40 36.25 -40 30 -45 40
1 -50 36.25 -45 33.75 -50 30 -45 40
1 -55 33.75 -50 36.25 -50 30 -55 40
1 -60 36.25 -55 33.75 -60 30 -55 40
1 -65 33.75 -60 36.25 -60 30 -65 40
1 -70 36.25 -65 33.75 -70 30 -65 40
1 -75 33.75 -70 36.25 -70 30 -75 40
1 -80 36.25 -75 33.75 -80 30 -75 40
1 -85 33.75 -80 36.25 -80 30 -85 40
1 -90 36.25 -85 33.75 -90 30 -85 40
1 -100 31.25 -90 36.25 -90 30 -95 40
1 -100 28.75 -90 23.75 -95 20 -90 30
1 85 26.25 85 33.75 80 30 90 30
1 75 26.25 75 33.75 70 30 80 30
1 65 26.25 65 33.75 60 30 70 30
1 55 26.25 55 33.75 50 30 60 30
1 45 26.25 45 33.75 40 30 50 30
1 35 26.25 35 33.75 30 30 40 30
1 25 26.25 25 33.75 20 30 30 30
1 15 26.25 15 33.75 10 30 20 30
1 5 26.25 5 33.75 0 30 10 30
1 -5 26.25 -5 33.75 -10 30 0 30
1 -15 26.25 -15 33.75 -20 30 -10 30
1 -25 26.25 -25 33.75 -30 30 -20 30
1 -35 26.25 -35 33.75 -40 30 -30 30
1 -45 26.25 -45 33.75 -50 30 -40 30
1 -55 26.25 -55 33.75 -60 30 -50 30
1 -65 26.25 -65 33.75 -70 30 -60 30
1 -75 26.25 -75 33.75 -80 30 -70 30
1 -85 26.25 -85 33.75 -90 30 -80 30
1 85 26.25 90 23.75 85 20 90 30
1 80 23.75 85 26.25 85 20 80 30
1 75 26.25 80 23.75 75 20 80 30
1 70 23.75 75 26.25 75 20 70 30
1 65 26.25 70 23.75 65 20 70 30
1 60 23.75 65 26.25 65 20 60 30
1 55 26.25 60 23.75 55 20 60 30
1 50 23.75 55 26.25 55 20 50 30
1 45 26.25 50 23.75 45 20 50 30
1 40 23.75 45 26.25 45 20 40 30
1 35 26.25 40 23.75 35 20 40 30
1 30 23.75 35 26.25 35 20 30 30
1 25 26.25 30 23.75 25 20 30 30
1 20 23.75 25 26.25 25 20 20 30
1 15 26.25 20 23.75 15 20 20 30
1 10 23.75 15 26.25 15 20 10 30
1 5 26.25 10 23.75 5 20 10 30
1 -0 23.75 5 26.25 5 20 0 30
1 -5 26.25 -0 23.75 -5 20 0 30
1 -10 23.75 -5 26.25 -5 20 -10 30
1 -15 26.25 -10 23.75 -15 20 -10 30
1 -20 23.75 -15 26.25 -15 20 -20 30
1 -25 26.25 -20 23.75 -25 20 -20 30
1 -30 23.75 -25 26.25 -25 20 -30 30
1 -35 26.25 -30 23.75 -35 20 -30 30
1 -40 23.75 -35 26.25 -35 20 -40 30
1 -45 26.25 -40 23.75 -45 20 -40 30
1 -50 23.75 -45 26.25 -45 20 -50 30
1 -55 26.25 -50 23.75 -55 20 -50 30
1 -60 23.75 -55 26.25 -55 20 -60 30
1 -65 26.25 -60 23.75 -65 20 -60 30
1 -70 23.75 -65 26.25 -65 20 -70 30
1 -75 26.25 -70 23.75 -75 20 -70 30
1 -80 23.75 -75 26.25 -75 20 -80 30
1 -85 26.25 -80 23.75 -85 20 -80 30
1 -90 23.75 -85 26.25 -85 20 -90 30
1 90 16.25 90 23.75 85 20 95 20
1 80 16.25 80 23.75 75 20 85 20
1 70 16.25 70 23.75 65 20 75 20
1 60 16.25 60 23.75 55 20 65 20
1 50 16.25 50 23.75 45 20 55 20
1 40 16.25 40 23.75 35 20 45 20
1 30 16.25 30 23.75 25 20 35 20
1 20 16.25 20 23.75 15 20 25 20
1 10 16.25 10 23.75 5 20 15 20
1 0 16.25 0 23.75 -5 20 5 20
1 -10 16.25 -10 23.75 -15 20 -5 20
1 -20 16.25 -20 23.75 -25 20 -15 20
1 -30 16.25 -30 23.75 -35 20 -25 20
1 -40 16.25 -40 23.75 -45 20 -35 20
1 -50 16.25 -50 23.75 -55 20 -45 20
1 -60 16.25 -60 23.75 -65 20 -55 20
1 -70 16.25 -70 23.75 -75 20 -65 20
1 -80 16.25 -80 23.75 -85 20 -75 20
1 -90 16.25 -90 23.75 -95 20 -85 20
1 90 3.75 100 8.75 95 0 90 10
1 90 16.25 100 11.25 90 10 95 20
1 85 13.75 90 16.25 90 10 85 20
1 80 16.25 85 13.75 80 10 85 20
1 75 13.75 80 16.25 80 10 75 20
1 70 16.25 75 13.75 70 10 75 20
1 65 13.75 70 16.25 70 10 65 20
1 60 16.25 65 13.75 60 10 65 20
1 55 13.75 60 16.25 60 10 55 20
1 50 16.25 55 13.75 50 10 55 20
1 45 13.75 50 16.25 50 10 45 20
1 40 16.25 45 13.75 40 10 45 20
1 35 13.75 40 16.25 40 10 35 20
1 30 16.25 35 13.75 30 10 35 20
1 25 13.75 30 16.25 30 10 25 20
1 20 16.25 25 13.75 20 10 25 20
1 15 13.75 20 16.25 20 10 15 20
1 10 16.25 15 13.75 10 10 15 20
1 5 13.75 10 16.25 10 10 5 20
1 -0 16.25 5 13.75 0 10 5 20
1 -5 13.75 -0 16.25 0 10 -5 20
1 -10 16.25 -5 13.75 -10 10 -5 20
1 -15 13.75 -10 16.25 -10 10 -15 20
1 -20 16.25 -15 13.75 -20 10 -15 20
1 -25 13.75 -20 16.25 -20 10 -25 20
1 -30 16.25 -25 13.75 -30 10 -25 20
1 -35 13.75 -30 16.25 -30 10 -35 20
1 -40 16.25 -35 13.75 -40 10 -35 20
1 -45 13.75 -40 16.25 -40 10 -45 20
1 -50 16.25 -45 13.75 -50 10 -45 20
1 -55 13.75 -50 16.25 -50 10 -55 20
1 -60 16.25 -55 13.75 -60 10 -55 20
1 -65 13.75 -60 16.25 -60 10 -65 20
1 -70 16.25 -65 13.75 -70 10 -65 20
1 -75 13.75 -70 16.25 -70 10 -75 20
1 -80 16.25 -75 13.75 -80 10 -75 20
1 -85 13.75 -80 16.25 -80 10 -85 20
1 -90 16.25 -85 13.75 -90 10 -85 20
1 -100 11.25 -90 16.25 -90 10 -95 20
1 -100 8.75 -90 3.75 -95 0 -90 10
1 85 6.25 85 13.75 80 10 90 10
1 75 6.25 75 13.75 70 10 80 10
1 65 6.25 65 13.75 60 10 70 10
1 55 6.25 55 13.75 50 10 60 10
1 45 6.25 45 13.75 40 10 50 10
1 35 6.25 35 13.75 30 10 40 10
1 25 6.25 25 13.75 20 10 30 10
1 15 6.25 15 13.75 10 10 20 10
1 5 6.25 5 13.75 0 10 10 10
1 -5 6.25 -5 13.75 -10 10 0 10
1 -15 6.25 -15 13.75 -20 10 -10 10
1 -25 6.25 -25 13.75 -30 10 -20 10
1 -35 6.25 -35 13.75 -40 10 -30 10
1 -45 6.25 -45 13.75 -50 10 -40 10
1 -55 6.25 -55 13.75 -60 10 -50 10
1 -65 6.25 -65 13.75 -70 10 -60 10
1 -75 6.25 -75 13.75 -80 10 -70 10
1 -85 6.25 -85 13.75 -90 10 -80 10
1 85 6.25 90 3.75 85 0 90 10
1 80 3.75 85 6.25 85 0 80 10
1 75 6.25 80 3.75 75 0 80 10
1 70 3.75 75 6.25 75 0 70 10
1 65 6.25 70 3.75 65 0 70 10
1 60 3.75 65 6.25 65 0 60 10
1 55 6.25 60 3.75 55 0 60 10
1 50 3.75 55 6.25 55 0 50 10
1 45 6.25 50 3.75 45 0 50 10
1 40 3.75 45 6.25 45 0 40 10
1 35 6.25 40 3.75 35 0 40 10
1 30 3.75 35 6.25 35 0 30 10
1 25 6.25 30 3.75 25 0 30 10
1 20 3.75 25 6.25 25 0 20 10
1 15 6.25 20 3.75 15 0 20 10
1 10 3.75 15 6.25 15 0 10 10
1 5 6.25 10 3.75 5 0 10 10
1 -0 3.75 5 6.25 5 0 0 10
1 -5 6.25 -0 3.75 -5 0 0 10
1 -10 3.75 -5 6.25 -5 0 -10 10
1 -15 6.25 -10 3.75 -15 0 -10 10
1 -20 3.75 -15 6.25 -15 0 -20 10
1 -25 6.25 -20 3.75 -25 0 -20 10
1 -30 3.75 -25 6.25 -25 0 -30 10
1 -35 6.25 -30 3.75 -35 0 -30 10
1 -40 3.75 -35 6.25 -35 0 -40 10
1 -45 6.25 -40 3.75 -45 0 -40 10
1 -50 3.75 -45 6.25 -45 0 -50 10
1 -55 6.25 -50 3.75 -55 0 -50 10
1 -60 3.75 -55 6.25 -55 0 -60 10
1 -65 6.25 -60 3.75 -65 0 -60 10
1 -70 3.75 -65 6.25 -65 0 -70 10
1 -75 6.25 -70 3.75 -75 0 -70 10
1 -80 3.75 -75 6.25 -75 0 -80 10
1 -85 6.25 -80 3.75 -85 0 -80 10
1 -90 3.75 -85 6.25 -85 0 -90 10
1 90 -3.75 90 3.75 85 0 95 0
1 80 -3.75 80 3.75 75 0 85 0
1 70 -3.75 70 3.75 65 0 75 0
1 60 -3.75 60 3.75 55 0 65 0
1 50 -3.75 50 3.75 45 0 55 0
1 40 -3.75 40 3.75 35 0 45 0
1 30 -3.75 30 3.75 25 0 35 0
1 20 -3.75 20 3.75 15 0 25 0
1 10 -3.75 10 3.75 5 0 15 0
1 0 -3.75 0 3.75 -5 0 5 0
1 -10 -3.75 -10 3.75 -15 0 -5 0
1 -20 -3.75 -20 3.75 -25 0 -15 0
1 -30 -3.75 -30 3.75 -35 0 -25 0
1 -40 -3.75 -40 3.75 -45 0 -35 0
1 -50 -3.75 -50 3.75 -55 0 -45 0
1 -60 -3.75 -60 3.75 -65 0 -55 0
1 -70 -3.75 -70 3.75 -75 0 -65 0
1 -80 -3.75 -80 3.75 -85 0 -75 0
1 -90 -3.75 -90 3.75 -95 0 -85 0
1 90 -16.25 100 -11.25 95 -20 90 -10
1 90 -3.75 100 -8.75 90 -10 95 0
1 85 -6.25 90 -3.75 90 -10 85 0
1 80 -3.75 85 -6.25 80 -10 85 0
1 75 -6.25 80 -3.75 80 -10 75 0
1 70 -3.75 75 -6.25 70 -10 75 0
1 65 -6.25 70 -3.75 70 -10 65 0
1 60 -3.75 65 -6.25 60 -10 65 0
1 55 -6.25 60 -3.75 60 -10 55 0
1 50 -3.75 55 -6.25 50 -10 55 0
1 45 -6.25 50 -3.75 50 -10 45 0
1 40 -3.75 45 -6.25 40 -10 45 0
1 35 -6.25 40 -3.75 40 -10 35 0
1 30 -3.75 35 -6.25 30 -10 35 0
1 25 -6.25 30 -3.75 30 -10 25 0
1 20 -3.75 25 -6.25 20 -10 25 0
1 15 -6.25 20 -3.75 20 -10 15 0
1 10 -3.75 15 -6.25 10 -10 15 0
1 5 -6.25 10 -3.75 10 -10 5 0
1 -0 -3.75 5 -6.25 0 -10 5 0
1 -5 -6.25 -0 -3.75 0 -10 -5 0
1 -10 -3.75 -5 -6.25 -10 -10 -5 0
1 -15 -6.25 -10 -3.75 -10 -10 -15 0
1 -20 -3.75 -15 -6.25 -20 -10 -15 0
1 -25 -6.25 -20 -3.75 -20 -10 -25 0
1 -30 -3.75 -25 -6.25 -30 -10 -25 0
1 -35 -6.25 -30 -3.75 -30 -10 -35 0
1 -40 -3.75 -35 -6.25 -40 -10 -35 0
1 -45 -6.25 -40 -3.75 -40 -10 -45 0
1 -50 -3.75 -45 -6.25 -50 -10 -45 0
1 -55 -6.25 -50 -3.75 -50 -10 -55 0
1 -60 -3.75 -55 -6.25 -60 -10 -55 0
1 -65 -6.25 -60 -3.75 -60 -10 -65 0
1 -70 -3.75 -65 -6.25 -70 -10 -65 0
1 -75 -6.25 -70 -3.75 -70 -10 -75 0
1 -80 -3.75 -75 -6.25 -80 -10 -75 0
1 -85 -6.25 -80 -3.75 -80 -10 -85 0
1 -90 -3.75 -85 -6.25 -90 -10 -85 0
1 -100 -8.75 -90 -3.75 -90 -10 -95 0
1 -100 -11.25 -90 -16.25 -95 -20 -90 -10
1 85 -13.75 85 -6.25 80 -10 90 -10
1 75 -13.75 75 -6.25 70 -10 80 -10
1 65 -13.75 65 -6.25 60 -10 70 -10
1 55 -13.75 55 -6.25 50 -10 60 -10
1 45 -13.75 45 -6.25 40 -10 50 -10
1 35 -13.75 35 -6.25 30 -10 40 -10
1 25 -13.75 25 -6.25 20 -10 30 -10
1 15 -13.75 15 -6.25 10 -10 20 -10
1 5 -13.75 5 -6.25 0 -10 10 -10
1 -5 -13.75 -5 -6.25 -10 -10 0 -10
1 -15 -13.75 -15 -6.25 -20 -10 -10 -10
1 -25 -13.75 -25 -6.25 -30 -10 -20 -10
1 -35 -13.75 -35 -6.25 -40 -10 -30 -10
1 -45 -13.75 -45 -6.25 -50 -10 -40 -10
1 -55 -13.75 -55 -6.25 -60 -10 -50 -10
1 -65 -13.75 -65 -6.25 -70 -10 -60 -10
1 -75 -13.75 -75 -6.25 -80 -10 -70 -10
1 -85 -13.75 -85 -6.25 -90 -10 -80 -10
1 85 -13.75 90 -16.25 85 -20 90 -10
1 80 -16.25 85 -13.75 85 -20 80 -10
1 75 -13.75 80 -16.25 75 -20 80 -10
1 70 -16.25 75 -13.75 75 -20 70 -10
1 65 -13.75 70 -16.25 65 -20 70 -10
1 60 -16.25 65 -13.75 65 -20 60 -10
1 55 -13.75 60 -16.25 55 -20 60 -10
1 50 -16.25 55 -13.75 55 -20 50 -10
1 45 -13.75 50 -16.25 45 -20 50 -10
1 40 -16.25 45 -13.75 45 -20 40 -10
1 35 -13.75 40 -16.25 35 -20 40 -10
1 30 -16.25 35 -13.75 35 -20 30 -10
1 25 -13.75 30 -16.25 25 -20 30 -10
1 20 -16.25 25 -13.75 25 -20 20 -10
1 15 -13.75 20 -16.25 15 -20 20 -10
1 10 -16.25 15 -13.75 15 -20 10 -10
1 5 -13.75 10 -16.25 5 -20 10 -10
1 0 -16.25 5 -13.75 5 -20 0 -10
1 -5 -13.75 0 -16.25 -5 -20 0 -10
1 -10 -16.25 -5 -13.75 -5 -20 -10 -10
1 -15 -13.75 -10 -16.25 -15 -20 -10 -10
1 -20 -16.25 -15 -13.75 -15 -20 -20 -10
1 -25 -13.75 -20 -16.25 -25 -20 -20 -10
1 -30 -16.25 -25 -13.75 -25 -20 -30 -10
1 -35 -13.75 -30 -16.25 -35 -20 -30 -10
1 -40 -16.25 -35 -13.75 -35 -20 -40 -10
1 -45 -13.75 -40 -16.25 -45 -20 -40 -10
1 -50 -16.25 -45 -13.75 -45 -20 -50 -10
1 -55 -13.75 -50 -16.25 -55 -20 -50 -10
1 -60 -16.25 -55 -13.75 -55 -20 -60 -10
1 -65 -13.75 -60 -16.25 -65 -20 -60 -10
1 -70 -16.25 -65 -13.75 -65 -20 -70 -10
1 -75 -13.75 -70 -16.25 -75 -20 -70 -10
1 -80 -16.25 -75 -13.75 -75 -20 -80 -10
1 -85 -13.75 -80 -16.25 -85 -20 -80 -10
1 -90 -16.25 -85 -13.75 -85 -20 -90 -10
1 90 -23.75 90 -16.25 85 -20 95 -20
1 80 -23.75 80 -16.25 75 -20 85 -20
1 70 -23.75 70 -16.25 65 -20 75 -20
1 60 -23.75 60 -16.25 55 -20 65 -20
1 50 -23.75 50 -16.25 45 -20 55 -20
1 40 -23.75 40 -16.25 35 -20 45 -20
1 30 -23.75 30 -16.25 25 -20 35 -20
1 20 -23.75 20 -16.25 15 -20 25 -20
1 10 -23.75 10 -16.25 5 -20 15 -20
1 0 -23.75 0 -16.25 -5 -20 5 -20
1 -10 -23.75 -10 -16.25 -15 -20 -5 -20
1 -20 -23.75 -20 -16.25 -25 -20 -15 -20
1 -30 -23.75 -30 -16.25 -35 -20 -25 -20
1 -40 -23.75 -40 -16.25 -45 -20 -35 -20
1 -50 -23.75 -50 -16.25 -55 -20 -45 -20
1 -60 -23.75 -60 -16.25 -65 -20 -55 -20
1 -70 -23.75 -70 -16.25 -75 -20 -65 -20
1 -80 -23.75 -80 -16.25 -85 -20 -75 -20
1 -90 -23.75 -90 -16.25 -95 -20 -85 -20
1 90 -36.25 100 -31.25 95 -40 90 -30
1 90 -23.75 100 -28.75 90 -30 95 -20
1 85 -26.25 90 -23.75 90 -30 85 -20
1 80 -23.75 85 -26.25 80 -30 85 -20
1 75 -26.25 80 -23.75 80 -30 75 -20
1 70 -23.75 75 -26.25 70 -30 75 -20
1 65 -26.25 70 -23.75 70 -30 65 -20
1 60 -23.75 65 -26.25 60 -30 65 -20
1 55 -26.25 60 -23.75 60 -30 55 -20
1 50 -23.75 55 -26.25 50 -30 55 -20
1 45 -26.25 50 -23.75 50 -30 45 -20
1 40 -23.75 45 -26.25 40 -30 45 -20
1 35 -26.25 40 -23.75 40 -30 35 -20
1 30 -23.75 35 -26.25 30 -30 35 -20
1 25 -26.25 30 -23.75 30 -30 25 -20
1 20 -23.75 25 -26.25 20 -30 25 -20
1 15 -26.25 20 -23.75 20 -30 15 -20
1 10 -23.75 15 -26.25 10 -30 15 -20
1 5 -26.25 10 -23.75 10 -30 5 -20
1 -0 -23.75 5 -26.25 0 -30 5 -20
1 -5 -26.25 -0 -23.75 0 -30 -5 -20
1 -10 -23.75 -5 -26.25 -10 -30 -5 -20
1 -15 -26.25 -10 -23.75 -10 -30 -15 -20
1 -20 -23.75 -15 -26.25 -20 -30 -15 -20
1 -25 -26.25 -20 -23.75 -20 -30 -25 -20
1 -30 -23.75 -25 -26.25 -30 -30 -25 -20
1 -35 -26.25 -30 -23.75 -30 -30 -35 -20
1 -40 -23.75 -35 -26.25 -40 -30 -35 -20
1 -45 -26.25 -40 -23.75 -40 -30 -45 -20
1 -50 -23.75 -45 -26.25 -50 -30 -45 -20
1 -55 -26.25 -50 -23.75 -50 -30 -55 -20
1 -60 -23.75 -55 -26.25 -60 -30 -55 -20
1 -65 -26.25 -60 -23.75 -60 -30 -65 -20
1 -70 -23.75 -65 -26.25 -70 -30 -65 -20
1 -75 -26.25 -70 -23.75 -70 -30 -75 -20
1 -80 -23.75 -75 -26.25 -80 -30 -75 -20
1 -85 -26.25 -80 -23.75 -80 -30 -85 -20
1 -90 -23.75 -85 -26.25 -90 -30 -85 -20
1 -100 -28.75 -90 -23.75 -90 -30 -95 -20
1 -100 -31.25 -90 -36.25 -95 -40 -90 -30
1 85 -33.75 85 -26.25 80 -30 90 -30
1 75 -33.75 75 -26.25 70 -30 80 -30
1 65 -33.75 65 -26.25 60 -30 70 -30
1 55 -33.75 55 -26.25 50 -30 60 -30
1 45 -33.75 45 -26.25 40 -30 50 -30
1 35 -33.75 35 -26.25 30 -30 40 -30
1 25 -33.75 25 -26.25 20 -30 30 -30
1 15 -33.75 15 -26.25 10 -30 20 -30
1 5 -33.75 5 -26.25 0 -30 10 -30
1 -5 -33.75 -5 -26.25 -10 -30 0 -30
1 -15 -33.75 -15 -26.25 -20 -30 -10 -30
1 -25 -33.75 -25 -26.25 -30 -30 -20 -30
1 -35 -33.75 -35 -26.25 -40 -30 -30 -30
1 -45 -33.75 -45 -26.25 -50 -30 -40 -30
1 -55 -33.75 -55 -26.25 -60 -30 -50 -30
1 -65 -33.75 -65 -26.25 -70 -30 -60 -30
1 -75 -33.75 -75 -26.25 -80 -30 -70 -30
1 -85 -33.75 -85 -26.25 -90 -30 -80 -30
1 85 -33.75 90 -36.25 85 -40 90 -30
1 80 -36.25 85 -33.75 85 -40 80 -30
1 75 -33.75 80 -36.25 75 -40 80 -30
1 70 -36.25 75 -33.75 75 -40 70 -30
1 65 -33.75 70 -36.25 65 -40 70 -30
1 60 -36.25 65 -33.75 65 -40 60 -30
1 55 -33.75 60 -36.25 55 -40 60 -30
1 50 -36.25 55 -33.75 55 -40 50 -30
1 45 -33.75 50 -36.25 45 -40 50 -30
1 40 -36.25 45 -33.75 45 -40 40 -30
1 35 -33.75 40 -36.25 35 -40 40 -30
1 30 -36.25 35 -33.75 35 -40 30 -30
1 25 -33.75 30 -36.25 25 -40 30 -30
1 20 -36.25 25 -33.75 25 -40 20 -30
1 15 -33.75 20 -36.25 15 -40 20 -30
1 10 -36.25 15 -33.75 15 -40 10 -30
1 5 -33.75 10 -36.25 5 -40 10 -30
1 0 -36.25 5 -33.75 5 -40 0 -30
1 -5 -33.75 0 -36.25 -5 -40 0 -30
1 -10 -36.25 -5 -33.75 -5 -40 -10 -30
1 -15 -33.75 -10 -36.25 -15 -40 -10 -30
1 -20 -36.25 -15 -33.75 -15 -40 -20 -30
1 -25 -33.75 -20 -36.25 -25 -40 -20 -30
1 -30 -36.25 -25 -33.75 -25 -40 -30 -30
1 -35 -33.75 -30 -36.25 -35 -40 -30 -30
1 -40 -36.25 -35 -33.75 -35 -40 -40 -30
1 -45 -33.75 -40 -36.25 -45 -40 -40 -30
1 -50 -36.25 -45 -33.75 -45 -40 -50 -30
1 -55 -33.75 -50 -36.25 -55 -40 -50 -30
1 -60 -36.25 -55 -33.75 -55 -40 -60 -30
1 -65 -33.75 -60 -36.25 -65 -40 -60 -30
1 -70 -36.25 -65 -33.75 -65 -40 -70 -30
1 -75 -33.75 -70 -36.25 -75 -40 -70 -30
1 -80 -36.25 -75 -33.75 -75 -40 -80 -30
1 -85 -33.75 -80 -36.25 -85 -40 -80 -30
1 -90 -36.25 -85 -33.75 -85 -40 -90 -30
1 90 -43.75 90 -36.25 85 -40 95 -40
1 80 -43.75 80 -36.25 75 -40 85 -40
1 70 -43.75 70 -36.25 65 -40 75 -40
1 60 -43.75 60 -36.25 55 -40 65 -40
1 50 -43.75 50 -36.25 45 -40 55 -40
1 40 -43.75 40 -36.25 35 -40 45 -40
1 30 -43.75 30 -36.25 25 -40 35 -40
1 20 -43.75 20 -36.25 15 -40 25 -40
1 10 -43.75 10 -36.25 5 -40 15 -40
1 0 -43.75 0 -36.25 -5 -40 5 -40
1 -10 -43.75 -10 -36.25 -15 -40 -5 -40
1 -20 -43.75 -20 -36.25 -25 -40 -15 -40
1 -30 -43.75 -30 -36.25 -35 -40 -25 -40
1 -40 -43.75 -40 -36.25 -45 -40 -35 -40
1 -50 -43.75 -50 -36.25 -55 -40 -45 -40
1 -60 -43.75 -60 -36.25 -65 -40 -55 -40
1 -70 -43.75 -70 -36.25 -75 -40 -65 -40
1 -80 -43.75 -80 -36.25 -85 -40 -75 -40
1 -90 -43.75 -90 -36.25 -95 -40 -85 -40
1 90 -56.25 100 -51.25 95 -60 90 -50
1 90 -43.75 100 -48.75 90 -50 95 -40
1 85 -46.25 90 -43.75 90 -50 85 -40
1 80 -43.75 85 -46.25 80 -50 85 -40
1 75 -46.25 80 -43.75 80 -50 75 -40
1 70 -43.75 75 -46.25 70 -50 75 -40
1 65 -46.25 70 -43.75 70 -50 65 -40
1 60 -43.75 65 -46.25 60 -50 65 -40
1 55 -46.25 60 -43.75 60 -50 55 -40
1 50 -43.75 55 -46.25 50 -50 55 -40
1 45 -46.25 50 -43.75 50 -50 45 -40
1 40 -43.75 45 -46.25 40 -50 45 -40
1 35 -46.25 40 -43.75 40 -50 35 -40
1 30 -43.75 35 -46.25 30 -50 35 -40
1 25 -46.25 30 -43.75 30 -50 25 -40
1 20 -43.75 25 -46.25 20 -50 25 -40
1 15 -46.25 20 -43.75 20 -50 15 -40
1 10 -43.75 15 -46.25 10 -50 15 -40
1 5 -46.25 10 -43.75 10 -50 5 -40
1 -0 -43.75 5 -46.25 0 -50 5 -40
1 -5 -46.25 -0 -43.75 0 -50 -5 -40
1 -10 -43.75 -5 -46.25 -10 -50 -5 -40
1 -15 -46.25 -10 -43.75 -10 -50 -15 -40
1 -20 -43.75 -15 -46.25 -20 -50 -15 -40
1 -25 -46.25 -20 -43.75 -20 -50 -25 -40
1 -30 -43.75 -25 -46.25 -30 -50 -25 -40
1 -35 -46.25 -30 -43.75 -30 -50 -35 -40
1 -40 -43.75 -35 -46.25 -40 -50 -35 -40
1 -45 -46.25 -40 -43.75 -40 -50 -45 -40
1 -50 -43.75 -45 -46.25 -50 -50 -45 -40
1 -55 -46.25 -50 -43.75 -50 -50 -55 -40
1 -60 -43.75 -55 -46.25 -60 -50 -55 -40
1 -65 -46.25 -60 -43.75 -60 -50 -65 -40
1 -70 -43.75 -65 -46.25 -70 -50 -65 -40
1 -75 -46.25 -70 -43.75 -70 -50 -75 -40
1 -80 -43.75 -75 -46.25 -80 -50 -75 -40
1 -85 -46.25 -80 -43.75 -80 -50 -85 -40
1 -90 -43.75 -85 -46.25 -90 -50 -85 -40
1 -100 -48.75 -90 -43.75 -90 -50 -95 -40
1 -100 -51.25 -90 -56.25 -95 -60 -90 -50
1 85 -53.75 85 -46.25 80 -50 90 -50
1 75 -53.75 75 -46.25 70 -50 80 -50
1 65 -53.75 65 -46.25 60 -50 70 -50
1 55 -53.75 55 -46.25 50 -50 60 -50
1 45 -53.75 45 -46.25 40 -50 50 -50
1 35 -53.75 35 -46.25 30 -50 40 -50
1 25 -53.75 25 -46.25 20 -50 30 -50
1 15 -53.75 15 -46.25 10 -50 20 -50
1 5 -53.75 5 -46.25 0 -50 10 -50
1 -5 -53.75 -5 -46.25 -10 -50 0 -50
1 -15 -53.75 -15 -46.25 -20 -50 -10 -50
1 -25 -53.75 -25 -46.25 -30 -50 -20 -50
1 -35 -53.75 -35 -46.25 -40 -50 -30 -50
1 -45 -53.75 -45 -46.25 -50 -50 -40 -50
1 -55 -53.75 -55 -46.25 -60 -50 -50 -50
1 -65 -53.75 -65 -46.25 -70 -50 -60 -50
1 -75 -53.75 -75 -46.25 -80 -50 -70 -50
1 -85 -53.75 -85 -46.25 -90 -50 -80 -50
1 85 -53.75 90 -56.25 85 -60 90 -50
1 80 -56.25 85 -53.75 85 -60 80 -50
1 75 -53.75 80 -56.25 75 -60 80 -50
1 70 -56.25 75 -53.75 75 -60 70 -50
1 65 -53.75 70 -56.25 65 -60 70 -50
1 60 -56.25 65 -53.75 65 -60 60 -50
1 55 -53.75 60 -56.25 55 -60 60 -50
1 50 -56.25 55 -53.75 55 -60 50 -50
1 45 -53.75 50 -56.25 45 -60 50 -50
1 40 -56.25 45 -53.75 45 -60 40 -50
1 35 -53.75 40 -56.25 35 -60 40 -50
1 30 -56.25 35 -53.75 35 -60 30 -50
1 25 -53.75 30 -56.25 25 -60 30 -50
1 20 -56.25 25 -53.75 25 -60 20 -50
1 15 -53.75 20 -56.25 15 -60 20 -50
1 10 -56.25 15 -53.75 15 -60 10 -50
1 5 -53.75 10 -56.25 5 -60 10 -50
1 0 -56.25 5 -53.75 5 -60 0 -50
1 -5 -53.75 0 -56.25 -5 -60 0 -50
1 -10 -56.25 -5 -53.75 -5 -60 -10 -50
1 -15 -53.75 -10 -56.25 -15 -60 -10 -50
1 -20 -56.25 -15 -53.75 -15 -60 -20 -50
1 -25 -53.75 -20 -56.25 -25 -60 -20 -50
1 -30 -56.25 -25 -53.75 -25 -60 -30 -50
1 -35 -53.75 -30 -56.25 -35 -60 -30 -50
1 -40 -56.25 -35 -53.75 -35 -60 -40 -50
1 -45 -53.75 -40 -56.25 -45 -60 -40 -50
1 -50 -56.25 -45 -53.75 -45 -60 -50 -50
1 -55 -53.75 -50 -56.25 -55 -60 -50 -50
1 -60 -56.25 -55 -53.75 -55 -60 -60 -50
1 -65 -53.75 -60 -56.25 -65 -60 -60 -50
1 -70 -56.25 -65 -53.75 -65 -60 -70 -50
1 -75 -53.75 -70 -56.25 -75 -60 -70 -50
1 -80 -56.25 -75 -53.75 -75 -60 -80 -50
1 -85 -53.75 -80 -56.25 -85 -60 -80 -50
1 -90 -56.25 -85 -53.75 -85 -60 -90 -50
1 90 -63.75 90 -56.25 85 -60 95 -60
1 80 -63.75 80 -56.25 75 -60 85 -60
1 70 -63.75 70 -56.25 65 -60 75 -60
1 60 -63.75 60 -56.25 55 -60 65 -60
1 50 -63.75 50 -56.25 45 -60 55 -60
1 40 -63.75 40 -56.25 35 -60 45 -60
1 30 -63.75 30 -56.25 25 -60 35 -60
1 20 -63.75 20 -56.25 15 -60 25 -60
1 10 -63.75 10 -56.25 5 -60 15 -60
1 0 -63.75 0 -56.25 -5 -60 5 -60
1 -10 -63.75 -10 -56.25 -15 -60 -5 -60
1 -20 -63.75 -20 -56.25 -25 -60 -15 -60
1 -30 -63.75 -30 -56.25 -35 -60 -25 -60
1 -40 -63.75 -40 -56.25 -45 -60 -35 -60
1 -50 -63.75 -50 -56.25 -55 -60 -45 -60
1 -60 -63.75 -60 -56.25 -65 -60 -55 -60
1 -70 -63.75 -70 -56.25 -75 -60 -65 -60
1 -80 -63.75 -80 -56.25 -85 -60 -75 -60
1 -90 -63.75 -90 -56.25 -95 -60 -85 -60
1 90 -76.25 100 -71.25 95 -80 90 -70
1 90 -63.75 100 -68.75 90 -70 95 -60
1 85 -66.25 90 -63.75 90 -70 85 -60
1 80 -63.75 85 -66.25 80 -70 85 -60
1 75 -66.25 80 -63.75 80 -70 75 -60
1 70 -63.75 75 -66.25 70 -70 75 -60
1 65 -66.25 70 -63.75 70 -70 65 -60
1 60 -63.75 65 -66.25 60 -70 65 -60
1 55 -66.25 60 -63.75 60 -70 55 -60
1 50 -63.75 55 -66.25 50 -70 55 -60
1 45 -66.25 50 -63.75 50 -70 45 -60
1 40 -63.75 45 -66.25 40 -70 45 -60
1 35 -66.25 40 -63.75 40 -70 35 -60
1 30 -63.75 35 -66.25 30 -70 35 -60
1 25 -66.25 30 -63.75 30 -70 25 -60
1 20 -63.75 25 -66.25 20 -70 25 -60
1 15 -66.25 20 -63.75 20 -70 15 -60
1 10 -63.75 15 -66.25 10 -70 15 -60
1 5 -66.25 10 -63.75 10 -70 5 -60
1 -0 -63.75 5 -66.25 0 -70 5 -60
1 -5 -66.25 -0 -63.75 0 -70 -5 -60
1 -10 -63.75 -5 -66.25 -10 -70 -5 -60
1 -15 -66.25 -10 -63.75 -10 -70 -15 -60
1 -20 -63.75 -15 -66.25 -20 -70 -15 -60
1 -25 -66.25 -20 -63.75 -20 -70 -25 -60
1 -30 -63.75 -25 -66.25 -30 -70 -25 -60
1 -35 -66.25 -30 -63.75 -30 -70 -35 -60
1 -40 -63.75 -35 -66.25 -40 -70 -35 -60
1 -45 -66.25 -40 -63.75 -40 -70 -45 -60
1 -50 -63.75 -45 -66.25 -50 -70 -45 -60
1 -55 -66.25 -50 -63.75 -50 -70 -55 -60
1 -60 -63.75 -55 -66.25 -60 -70 -55 -60
1 -65 -66.25 -60 -63.75 -60 -70 -65 -60
1 -70 -63.75 -65 -66.25 -70 -70 -65 -60
1 -75 -66.25 -70 -63.75 -70 -70 -75 -60
1 -80 -63.75 -75 -66.25 -80 -70 -75 -60
1 -85 -66.25 -80 -63.75 -80 -70 -85 -60
1 -90 -63.75 -85 -66.25 -90 -70 -85 -60
1 -100 -68.75 -90 -63.75 -90 -70 -95 -60
1 -100 -71.25 -90 -76.25 -95 -80 -90 -70
1 85 -73.75 85 -66.25 80 -70 90 -70
1 75 -73.75 75 -66.25 70 -70 80 -70
1 65 -73.75 65 -66.25 60 -70 70 -70
1 55 -73.75 55 -66.25 50 -70 60 -70
1 45 -73.75 45 -66.25 40 -70 50 -70
1 35 -73.75 35 -66.25 30 -70 40 -70
1 25 -73.75 25 -66.25 20 -70 30 -70
1 15 -73.75 15 -66.25 10 -70 20 -70
1 5 -73.75 5 -66.25 0 -70 10 -70
1 -5 -73.75 -5 -66.25 -10 -70 0 -70
1 -15 -73.75 -15 -66.25 -20 -70 -10 -70
1 -25 -73.75 -25 -66.25 -30 -70 -20 -70
1 -35 -73.75 -35 -66.25 -40 -70 -30 -70
1 -45 -73.75 -45 -66.25 -50 -70 -40 -70
1 -55 -73.75 -55 -66.25 -60 -70 -50 -70
1 -65 -73.75 -65 -66.25 -70 -70 -60 -70
1 -75 -73.75 -75 -66.25 -80 -70 -70 -70
1 -85 -73.75 -85 -66.25 -90 -70 -80 -70
1 85 -73.75 90 -76.25 85 -80 90 -70
1 80 -76.25 85 -73.75 85 -80 80 -70
1 75 -73.75 80 -76.25 75 -80 80 -70
1 70 -76.25 75 -73.75 75 -80 70 -70
1 65 -73.75 70 -76.25 65 -80 70 -70
1 60 -76.25 65 -73.75 65 -80 60 -70
1 55 -73.75 60 -76.25 55 -80 60 -70
1 50 -76.25 55 -73.75 55 -80 50 -70
1 45 -73.75 50 -76.25 45 -80 50 -70
1 40 -76.25 45 -73.75 45 -80 40 -70
1 35 -73.75 40 -76.25 35 -80 40 -70
1 30 -76.25 35 -73.75 35 -80 30 -70
1 25 -73.75 30 -76.25 25 -80 30 -70
1 20 -76.25 25 -73.75 25 -80 20 -70
1 15 -73.75 20 -76.25 15 -80 20 -70
1 10 -76.25 15 -73.75 15 -80 10 -70
1 5 -73.75 10 -76.25 5 -80 10 -70
1 0 -76.25 5 -73.75 5 -80 0 -70
1 -5 -73.75 0 -76.25 -5 -80 0 -70
1 -10 -76.25 -5 -73.75 -5 -80 -10 -70
1 -15 -73.75 -10 -76.25 -15 -80 -10 -70
1 -20 -76.25 -15 -73.75 -15 -80 -20 -70
1 -25 -73.75 -20 -76.25 -25 -80 -20 -70
1 -30 -76.25 -25 -73.75 -25 -80 -30 -70
1 -35 -73.75 -30 -76.25 -35 -80 -30 -70
1 -40 -76.25 -35 -73.75 -35 -80 -40 -70
1 -45 -73.75 -40 -76.25 -45 -80 -40 -70
1 -50 -76.25 -45 -73.75 -45 -80 -50 -70
1 -55 -73.75 -50 -76.25 -55 -80 -50 -70
1 -60 -76.25 -55 -73.75 -55 -80 -60 -70
1 -65 -73.75 -60 -76.25 -65 -80 -60 -70
1 -70 -76.25 -65 -73.75 -65 -80 -70 -70
1 -75 -73.75 -70 -76.25 -75 -80 -70 -70
1 -80 -76.25 -75 -73.75 -75 -80 -80 -70
1 -85 -73.75 -80 -76.25 -85 -80 -80 -70
1 -90 -76.25 -85 -73.75 -85 -80 -90 -70
1 90 -83.75 90 -76.25 85 -80 95 -80
1 80 -83.75 80 -76.25 75 -80 85 -80
1 70 -83.75 70 -76.25 65 -80 75 -80
1 60 -83.75 60 -76.25 55 -80 65 -80
1 50 -83.75 50 -76.25 45 -80 55 -80
1 40 -83.75 40 -76.25 35 -80 45 -80
1 30 -83.75 30 -76.25 25 -80 35 -80
1 20 -83.75 20 -76.25 15 -80 25 -80
1 10 -83.75 10 -76.25 5 -80 15 -80
1 0 -83.75 0 -76.25 -5 -80 5 -80
1 -10 -83.75 -10 -76.25 -15 -80 -5 -80
1 -20 -83.75 -20 -76.25 -25 -80 -15 -80
1 -30 -83.75 -30 -76.25 -35 -80 -25 -80
1 -40 -83.75 -40 -76.25 -45 -80 -35 -80
1 -50 -83.75 -50 -76.25 -55 -80 -45 -80
1 -60 -83.75 -60 -76.25 -65 -80 -55 -80
1 -70 -83.75 -70 -76.25 -75 -80 -65 -80
1 -80 -83.75 -80 -76.25 -85 -80 -75 -80
1 -90 -83.75 -90 -76.25 -95 -80 -85 -80
1 85 -86.25 90 -83.75 90 -90 85 -80
1 80 -83.75 85 -86.25 80 -90 85 -80
1 75 -86.25 80 -83.75 80 -90 75 -80
1 70 -83.75 75 -86.25 70 -90 75 -80
1 65 -86.25 70 -83.75 70 -90 65 -80
1 60 -83.75 65 -86.25 60 -90 65 -80
1 55 -86.25 60 -83.75 60 -90 55 -80
1 50 -83.75 55 -86.25 50 -90 55 -80
1 45 -86.25 50 -83.75 50 -90 45 -80
1 40 -83.75 45 -86.25 40 -90 45 -80
1 35 -86.25 40 -83.75 40 -90 35 -80
1 30 -83.75 35 -86.25 30 -90 35 -80
1 25 -86.25 30 -83.75 30 -90 25 -80
1 20 -83.75 25 -86.25 20 -90 25 -80
1 15 -86.25 20 -83.75 20 -90 15 -80
1 10 -83.75 15 -86.25 10 -90 15 -80
1 5 -86.25 10 -83.75 10 -90 5 -80
1 -0 -83.75 5 -86.25 0 -90 5 -80
1 -5 -86.25 -0 -83.75 0 -90 -5 -80
1 -10 -83.75 -5 -86.25 -10 -90 -5 -80
1 -15 -86.25 -10 -83.75 -10 -90 -15 -80
1 -20 -83.75 -15 -86.25 -20 -90 -15 -80
1 -25 -86.25 -20 -83.75 -20 -90 -25 -80
1 -30 -83.75 -25 -86.25 -30 -90 -25 -80
1 -35 -86.25 -30 -83.75 -30 -90 -35 -80
1 -40 -83.75 -35 -86.25 -40 -90 -35 -80
1 -45 -86.25 -40 -83.75 -40 -90 -45 -80
1 -50 -83.75 -45 -86.25 -50 -90 -45 -80
1 -55 -86.25 -50 -83.75 -50 -90 -55 -80
1 -60 -83.75 -55 -86.25 -60 -90 -55 -80
1 -65 -86.25 -60 -83.75 -60 -90 -65 -80
1 -70 -83.75 -65 -86.25 -70 -90 -65 -80
1 -75 -86.25 -70 -83.75 -70 -90 -75 -80
1 -80 -83.75 -75 -86.25 -80 -90 -75 -80
1 -85 -86.25 -80 -83.75 -80 -90 -85 -80
1 -90 -83.75 -85 -86.25 -90 -90 -85 -80
