0 9.19465 -100 8.66947 -98.4847 0.0813918 -99.0033 15.7366 -93.5775
1 100 -82.0334 100 -82.0334 15.7366 -93.5775 98.0041 2.99369
1 100 18.2706 100 18.2706 98.0041 2.99369 97.2893 33.437
1 100 67.6756 100 67.6756 97.2893 33.437 69.3289 83.1324
0 47.8582 92.7154 50.5492 100 69.3289 83.1324 25.3139 99.3925
0 15.105 99.8092 15.0973 100 4.9622 98.5767 25.3139 99.3925
1 -79.4519 100 -79.4519 100 -93.9539 16.8287 4.9622 98.5767
0 -100 13.0647 -97.6906 11.8082 -99.8762 5.94375 -93.9539 16.8287
1 -100 -94.2504 -100 -94.2504 0.0813918 -99.0033 -99.8762 5.94375
1 -50.5806 100 -50.5806 100 -58.8482 45.0576 4.9622 98.5767
0 -89.5805 47.3331 -100 60.2909 -93.9539 16.8287 -58.8482 45.0576
1 -100 1.38663 -93.6372 7.76917 -95.4433 1.5245 -99.8762 5.94375
0 -100 -98.4546 -99.3756 -97.8613 0.0813918 -99.0033 -95.4433 1.5245
1 -3.68305 100 7.06984 93.8034 1.88312 93.2336 4.9622 98.5767
0 -50.6174 97.049 -52.9583 100 -58.8482 45.0576 1.88312 93.2336
1 100 66.0773 100 66.0773 97.2893 33.437 70.0818 79.4054
1 60.5148 79.4123 100 87.3888 70.0818 79.4054 69.3289 83.1324
0 -50.6174 97.049 -1.65507 89.3141 0.502576 84.4948 1.88312 93.2336
0 -41.9917 84.0678 -50.6174 97.049 -58.8482 45.0576 0.502576 84.4948
0 -41.9917 84.0679 -1.93319 82.0384 0.241856 79.3485 0.502576 84.4948
0 -36.4372 74.4963 -41.9917 84.0678 -58.8482 45.0576 0.241856 79.3485
0 98.6956 58.7202 100 59.9135 97.2893 33.437 73.3874 59.5624
0 72.3585 69.5879 100 74.1926 73.3874 59.5624 70.0818 79.4054
0 60.5148 79.4123 47.8581 92.7154 56.3606 70.7942 69.3289 83.1324
1 37.376 81.3358 47.8581 92.7154 56.3606 70.7942 25.3139 99.3925
0 -36.4372 74.4963 -9.20225 74.3848 0.20089 69.344 0.241856 79.3485
0 -30.569 60.2287 -36.4372 74.4963 -58.8482 45.0576 0.20089 69.344
1 15.105 99.8092 32.5211 83.0903 15.9382 89.6259 25.3139 99.3925
1 9.84859 93.3635 15.105 99.8092 15.9382 89.6259 4.9622 98.5767
0 37.2607 80.2847 37.376 81.3358 56.3606 70.7942 16.5572 75.1619
0 32.5211 83.0903 37.376 81.3358 16.5572 75.1619 25.3139 99.3925
1 49.7234 61.1603 37.2607 80.2847 38.2296 58.9789 56.3606 70.7942
0 29.4614 69.8398 37.2607 80.2847 38.2296 58.9789 16.5572 75.1619
0 23.0952 82.6869 32.5211 83.0903 16.5572 75.1619 15.9382 89.6259
1 9.70617 87.2696 9.84858 93.3635 15.9382 89.6259 3.59098 89.9144
0 7.06984 93.8034 9.84858 93.3635 3.59098 89.9144 4.9622 98.5767
1 -1.65507 89.3141 7.06984 93.8034 3.59098 89.9144 1.88312 93.2336
1 -1.65507 89.3141 3.71868 86.2518 0.502576 84.4948 3.59098 89.9144
1 12.3551 82.98 9.70617 87.2696 4.80833 82.7528 15.9382 89.6259
1 3.71868 86.2518 9.70617 87.2696 4.80833 82.7528 3.59098 89.9144
1 12.3 71.8913 23.0952 82.6869 16.5572 75.1619 15.5704 76.1486
1 12.3551 82.98 23.0952 82.6869 15.5704 76.1486 15.9382 89.6259
0 -30.569 60.2287 -16.897 60.3138 0.311949 51.497 0.20089 69.344
1 -28.8538 44.471 -30.569 60.2287 -58.8482 45.0576 0.311949 51.497
0 11.201 81.0992 12.3551 82.98 15.5704 76.1486 4.80833 82.7528
0 3.66419 86.1172 3.71868 86.2519 4.80833 82.7528 0.502576 84.4948
1 2.49389 81.0925 3.66419 86.1172 4.80833 82.7528 1.15124 83.6046
1 -1.93319 82.0384 3.66419 86.1172 1.15124 83.6046 0.502576 84.4948
1 66.7514 69.4748 60.5148 79.4123 56.3606 70.7942 70.0818 79.4054
0 10.9787 80.2774 11.201 81.0992 15.5704 76.1486 4.93185 79.0259
1 2.69896 80.8174 11.201 81.0992 4.93185 79.0259 4.80833 82.7528
1 11.6473 73.2885 10.9787 80.2774 7.25309 75.3529 15.5704 76.1486
1 4.02959 75.8858 10.9787 80.2774 7.25309 75.3529 4.93185 79.0259
1 -1.93319 82.0384 2.49389 81.0925 0.241856 79.3485 1.15124 83.6046
1 -9.20225 74.3848 2.43389 76.9629 1.45462 73.8747 0.241856 79.3485
1 -9.20225 74.3848 2.36023 71.1853 0.20089 69.344 1.45462 73.8747
0 90.6037 46.7248 98.6956 58.7202 97.2893 33.437 75.7791 47.9474
0 75.0389 53.8488 98.6956 58.7202 75.7791 47.9474 73.3874 59.5624
1 2.69896 80.8174 2.49389 81.0925 0.241856 79.3485 4.80833 82.7528
1 32.1766 52.7117 29.4613 69.8398 24.4822 56.7995 38.2296 58.9789
1 14.9351 63.5705 29.4613 69.8398 24.4822 56.7995 16.5572 75.1619
1 2.43389 76.9629 2.69896 80.8174 4.93185 79.0259 0.241856 79.3485
1 2.43389 76.9629 4.02959 75.8858 1.45462 73.8747 4.93185 79.0259
1 66.7514 69.4748 72.3585 69.5879 70.4795 59.6865 70.0818 79.4054
1 58.8358 59.4134 66.7514 69.4748 70.4795 59.6865 56.3606 70.7942
1 71.7656 55.6905 72.3585 69.5879 73.3874 59.5624 70.4795 59.6865
0 -16.897 60.3138 -6.95124 61.4734 1.81973 55.4592 0.20089 69.344
1 -16.897 60.3138 1.75433 53.2161 0.311949 51.497 1.81973 55.4592
1 4.51376 73.9866 4.02959 75.8858 1.45462 73.8747 7.25309 75.3529
0 -89.5805 47.3331 -79.3911 38.2113 -83.9315 17.039 -58.8482 45.0576
0 -89.1105 24.9324 -89.5805 47.3331 -93.9539 16.8287 -83.9315 17.039
0 12.3 71.8913 11.6473 73.2885 6.93624 72.1151 15.5704 76.1486
1 4.51377 73.9866 11.6473 73.2885 6.93624 72.1151 7.25309 75.3529
0 14.9352 63.5705 12.3 71.8913 6.93624 72.1151 16.5572 75.1619
1 3.86981 71.9805 4.51377 73.9866 6.93624 72.1151 1.45462 73.8747
0 14.1902 62.7171 14.9351 63.5705 24.4822 56.7995 6.93624 72.1151
1 3.86981 71.9805 14.1902 62.7171 4.06609 68.9174 6.93624 72.1151
1 2.36023 71.1853 3.86981 71.9805 4.06609 68.9174 1.45462 73.8747
0 12.8908 60.5279 14.1902 62.7171 24.4822 56.7995 4.06609 68.9174
0 -28.8538 44.471 -0.311341 45.0589 0.576547 38.6519 0.311949 51.497
0 -29.0253 42.8803 -28.8538 44.471 0.576547 38.6519 -58.8482 45.0576
0 2.35411 71.1299 2.36023 71.1853 4.06609 68.9174 0.20089 69.344
1 2.36813 62.2843 2.35411 71.1299 0.649153 68.912 4.06609 68.9174
1 -6.95124 61.4734 2.35411 71.1299 0.649153 68.912 0.20089 69.344
1 49.7234 61.1603 58.5189 59.2984 51.8874 49.6632 56.3606 70.7942
1 44.9539 54.1677 49.7234 61.1603 51.8874 49.6632 38.2296 58.9789
0 -21.019 32.4159 -29.0253 42.8803 -32.686 13.2029 0.576547 38.6519
1 -47.5538 27.6628 -29.0253 42.8803 -32.686 13.2029 -58.8482 45.0576
1 13.2642 54.2137 12.8908 60.5279 1.81973 55.4592 24.4822 56.7995
1 2.36812 62.2843 12.8908 60.5279 1.81973 55.4592 4.06609 68.9174
1 -6.95124 61.4734 2.36812 62.2843 1.81973 55.4592 0.649153 68.912
0 58.8358 59.4134 62.6914 57.141 64.2366 49.0944 70.4795 59.6865
0 58.5189 59.2984 58.8358 59.4134 64.2366 49.0944 56.3606 70.7942
1 57.6255 39.9018 58.5189 59.2984 64.2366 49.0944 51.8874 49.6632
1 13.9113 51.7204 13.2642 54.2137 2.20467 51.0177 24.4822 56.7995
1 1.75433 53.2161 13.2642 54.2137 2.20467 51.0177 1.81973 55.4592
1 62.6914 57.141 71.7656 55.6905 69.298 52.2945 70.4795 59.6865
1 69.565 46.2695 62.6914 57.141 64.2366 49.0944 69.298 52.2945
0 13.9114 51.7204 15.2092 50.5807 10.2401 40.5821 24.4822 56.7995
1 4.44653 44.4325 13.9114 51.7204 10.2401 40.5821 2.20467 51.0177
0 45.2095 52.2985 44.9539 54.1677 39.4844 47.967 51.8874 49.6632
1 32.1766 52.7117 44.9539 54.1677 39.4844 47.967 38.2296 58.9789
1 15.2092 50.5807 27.9313 45.5009 17.6488 39.6852 24.4822 56.7995
1 13.7981 38.925 15.2092 50.5806 17.6488 39.6852 10.2401 40.5821
1 91.7444 18.582 90.6037 46.7248 85.0155 32.9395 97.2893 33.437
1 78.079 39.0167 90.6037 46.7248 85.0155 32.9395 75.7791 47.9474
1 27.9313 45.5009 32.1766 52.7117 39.4844 47.967 24.4822 56.7995
0 71.7656 55.6905 75.0389 53.8488 69.298 52.2945 73.3874 59.5624
1 -79.3911 38.2112 -59.5822 28.2252 -72.6777 17.6246 -58.8482 45.0576
1 -78.0991 13.3824 -79.3911 38.2112 -83.9315 17.039 -72.6777 17.6246
1 69.9477 46.2582 75.0389 53.8488 75.7791 47.9474 69.298 52.2945
1 57.5883 39.8343 45.2095 52.2985 47.7989 45.6027 51.8874 49.6632
1 42.1848 41.6617 45.2095 52.2985 47.7989 45.6027 39.4844 47.967
1 28.5678 43.8229 27.9313 45.5009 17.6488 39.6852 39.4844 47.967
0 28.5678 43.8229 35.1065 40.5954 31.9176 32.637 39.4844 47.967
0 26.8742 40.3942 28.5678 43.8229 31.9176 32.637 17.6488 39.6852
1 -0.31134 45.0589 1.75433 53.2161 2.20467 51.0177 0.311949 51.497
1 -21.019 32.4159 2.93392 37.6234 1.21636 35.709 0.576547 38.6519
0 -19.209 29.6893 -21.019 32.4159 -32.686 13.2029 1.21636 35.709
1 69.9477 46.2582 78.079 39.0167 68.9425 40.2708 75.7791 47.9474
0 69.565 46.2695 69.9477 46.2582 68.9425 40.2708 69.298 52.2945
1 57.6255 39.9018 69.565 46.2695 68.9425 40.2708 64.2366 49.0944
1 -0.311341 45.0589 4.44653 44.4325 0.576547 38.6519 2.20467 51.0177
0 5.35963 39.8609 4.44653 44.4325 0.576547 38.6519 10.2401 40.5821
0 57.5883 39.8343 57.6255 39.9018 68.9425 40.2708 51.8874 49.6632
0 56.2428 34.4983 57.5883 39.8343 68.9425 40.2708 47.7989 45.6027
1 -19.209 29.6893 2.0205 33.1237 2.07251 30.4167 1.21636 35.709
0 -17.527 26.293 -19.209 29.6893 -32.686 13.2029 2.07251 30.4167
1 27.6846 31.4503 26.8742 40.3942 23.3071 31.8568 31.9176 32.637
1 19.8411 35.3107 26.8742 40.3942 23.3071 31.8568 17.6488 39.6852
1 35.1065 40.5954 42.1848 41.6617 41.4617 34.8407 39.4844 47.967
1 37.4101 30.6189 35.1065 40.5954 31.9176 32.637 41.4617 34.8407
1 42.1848 41.6617 54.9265 34.1588 41.4617 34.8407 47.7989 45.6027
1 56.2428 34.4983 65.8397 27.2823 54.2234 20.6952 68.9425 40.2708
0 54.9265 34.1588 56.2428 34.4983 54.2234 20.6952 47.7989 45.6027
0 -47.3198 24.0674 -47.5538 27.6628 -60.4221 11.3979 -32.686 13.2029
0 -59.5822 28.2253 -47.5538 27.6628 -60.4221 11.3979 -58.8482 45.0576
1 71.6168 24.8492 78.079 39.0167 85.0155 32.9395 68.9425 40.2708
1 47.5335 27.4891 54.9265 34.1588 54.2234 20.6952 41.4617 34.8407
0 -17.527 26.293 -5.58629 24.7054 0.314219 17.1915 2.07251 30.4167
0 -17.1523 23.1928 -17.527 26.293 -32.686 13.2029 0.314219 17.1915
0 -65.449 16.6781 -59.5822 28.2253 -60.4221 11.3979 -72.6777 17.6246
1 9.3593 35.0601 5.35963 39.8609 3.76906 35.1908 10.2401 40.5821
0 2.93392 37.6234 5.35963 39.8609 3.76906 35.1908 0.576547 38.6519
1 13.7981 38.925 19.8411 35.3107 14.9499 35.1729 17.6488 39.6852
1 9.3593 35.0601 13.7981 38.925 14.9499 35.1729 10.2401 40.5821
1 -37.6035 8.83814 -47.3198 24.0674 -43.6341 6.21801 -32.686 13.2029
0 -50.1895 14.7667 -47.3198 24.0674 -43.6341 6.21801 -60.4221 11.3979
0 -13.4334 18.471 -17.1523 23.1928 -15.4111 4.80635 0.314219 17.1915
0 -21.503 14.2417 -17.1523 23.1928 -15.4111 4.80635 -32.686 13.2029
0 9.35414 31.8334 9.3593 35.0601 14.9499 35.1729 3.76906 35.1908
0 65.8397 27.2823 71.6168 24.8492 58.7154 15.9875 68.9425 40.2708
1 53.1379 15.1625 65.8397 27.2823 58.7154 15.9875 54.2234 20.6952
1 73.9826 21.1788 71.6168 24.8492 58.7154 15.9875 85.0155 32.9395
1 15.5421 24.4763 19.8411 35.3107 23.3071 31.8568 14.9499 35.1729
1 2.0205 33.1237 2.93392 37.6234 3.76906 35.1908 1.21636 35.709
1 15.2882 24.5861 9.35414 31.8334 4.97619 27.0064 14.9499 35.1729
0 6.7375 31.4474 9.35414 31.8334 4.97619 27.0064 3.76906 35.1908
0 73.9826 21.1788 78.2651 19.4736 73.9117 5.05325 85.0155 32.9395
0 70.1688 15.8784 73.9826 21.1788 73.9117 5.05325 58.7154 15.9875
1 51.3509 18.1307 47.5335 27.4891 47.5042 17.9544 54.2234 20.6952
0 44.8694 26.5358 47.5335 27.4891 47.5042 17.9544 41.4617 34.8407
1 37.4101 30.6189 44.8694 26.5358 36.0372 24.9308 41.4617 34.8407
1 33.868 28.7254 37.4101 30.6189 36.0372 24.9308 31.9176 32.637
1 -0.0500818 25.6681 6.7375 31.4474 4.97619 27.0064 2.07251 30.4167
1 2.0205 33.1237 6.7375 31.4474 2.07251 30.4167 3.76906 35.1908
1 27.6846 31.4503 33.868 28.7254 29.6651 27.5254 31.9176 32.637
1 25.0517 27.5857 27.6846 31.4503 29.6651 27.5254 23.3071 31.8568
1 38.9884 16.8693 44.8694 26.5358 47.5042 17.9544 36.0372 24.9308
0 16.3734 23.5468 15.5421 24.4763 7.34414 17.5798 23.3071 31.8568
0 15.2882 24.5861 15.5421 24.4763 7.34414 17.5798 14.9499 35.1729
0 9.24149 23.0671 15.2882 24.5861 7.34414 17.5798 4.97619 27.0064
1 78.2651 19.4736 85.2583 17.3538 76.4029 4.52598 85.0155 32.9395
1 74.7269 2.75638 78.2651 19.4736 76.4029 4.52598 73.9117 5.05325
0 91.7444 18.582 93.1773 18.3669 92.6833 2.75374 97.2893 33.437
1 87.5424 17.5146 91.7444 18.582 92.6833 2.75374 85.0155 32.9395
1 -84.6469 11.1767 -89.1105 24.9324 -88.6681 15.502 -83.9315 17.039
0 -91.172 16.7189 -89.1105 24.9324 -88.6681 15.502 -93.9539 16.8287
0 16.3734 23.5468 19.2511 24.0795 25.8222 18.2694 23.3071 31.8568
0 16.4609 21.2026 16.3734 23.5468 7.34414 17.5798 25.8222 18.2694
0 -5.58629 24.7054 -0.0500818 25.6681 3.55088 21.9148 2.07251 30.4167
0 -5.58629 24.7054 -2.50418 22.5934 0.314219 17.1915 3.55088 21.9148
1 93.1773 18.3669 100 18.3014 96.9991 3.22064 97.2893 33.437
0 94.6572 4.68753 93.1773 18.3669 92.6833 2.75374 96.9991 3.22064
1 97.0335 1.03451 100 14.171 98.0041 2.99369 96.9991 3.22064
1 90.1282 1.14411 87.5424 17.5146 87.2014 1.88783 92.6833 2.75374
1 85.2583 17.3538 87.5424 17.5146 87.2014 1.88783 85.0155 32.9395
1 32.0542 24.2707 33.868 28.7254 36.0372 24.9308 29.6651 27.5254
1 80.9499 -0.281444 85.2583 17.3538 87.2014 1.88783 76.4029 4.52598
0 19.2511 24.0795 25.0517 27.5857 28.0225 24.0556 23.3071 31.8568
0 19.2511 24.0795 26.8433 21.1926 25.8222 18.2694 28.0225 24.0556
1 -13.4334 18.471 2.57847 16.0899 0.091651 15.6948 0.314219 17.1915
0 -8.73271 11.7783 -13.4334 18.471 -15.4111 4.80635 0.091651 15.6948
1 25.0517 27.5857 32.0542 24.2707 28.0225 24.0556 29.6651 27.5254
1 100 -84.2593 100 -84.2593 15.7366 -93.5775 93.6129 0.276883
0 100 -5.13938 98.1632 -2.17061 93.6129 0.276883 98.0041 2.99369
0 16.4609 21.2026 22.3641 16.5375 21.4785 12.7727 25.8222 18.2694
0 15.3914 18.0582 16.4609 21.2026 21.4785 12.7727 7.34414 17.5798
1 -0.0500818 25.6681 9.24149 23.0671 3.55088 21.9148 4.97619 27.0064
0 6.25518 20.454 9.24149 23.0671 7.34414 17.5798 3.55088 21.9148
1 -2.50418 22.5934 6.25518 20.454 3.18197 20.4044 3.55088 21.9148
1 -2.50418 22.5934 3.85505 16.9173 0.314219 17.1915 3.18197 20.4044
0 32.4632 20.5244 32.0542 24.2707 28.0225 24.0556 36.0372 24.9308
1 73.3013 2.61978 70.1688 15.8784 71.6664 4.52279 73.9117 5.05325
0 70.128 15.8323 70.1688 15.8784 71.6664 4.52279 58.7154 15.9875
0 67.5922 5.72986 70.128 15.8323 71.6664 4.52279 63.4309 6.58995
0 62.7253 12.1177 70.128 15.8323 63.4309 6.58995 58.7154 15.9875
0 35.1673 17.0563 32.4632 20.5244 27.3184 18.1328 36.0372 24.9308
1 26.8433 21.1926 32.4632 20.5244 27.3184 18.1328 28.0225 24.0556
1 15.7787 11.8209 15.3914 18.0582 10.005 12.0603 21.4785 12.7727
1 5.18694 13.1387 15.3914 18.0582 10.005 12.0603 7.34414 17.5798
0 -48.3739 5.6612 -50.1895 14.7667 -52.9647 4.35742 -43.6341 6.21801
0 -56.6865 7.88494 -50.1895 14.7667 -52.9647 4.35742 -60.4221 11.3979
0 -19.5128 6.99003 -21.503 14.2417 -21.9252 3.01855 -15.4111 4.80635
0 -26.2769 9.19774 -21.503 14.2417 -21.9252 3.01855 -32.686 13.2029
0 39.7741 15.7788 38.9884 16.8693 35.2641 9.13446 47.5042 17.9544
1 35.1673 17.0563 38.9884 16.8693 35.2641 9.13446 36.0372 24.9308
0 31.3159 13.6554 35.1673 17.0563 35.2641 9.13446 27.3184 18.1328
1 26.3755 16.0662 26.8433 21.1926 27.3184 18.1328 25.8222 18.2694
1 -60.1384 7.89679 -65.449 16.6781 -63.1073 9.77395 -60.4221 11.3979
1 -69.8438 11.3205 -65.449 16.6781 -63.1073 9.77395 -72.6777 17.6246
1 39.7741 15.7788 51.3509 18.1307 47.7404 16.792 47.5042 17.9544
1 41.7245 12.6011 39.7741 15.7788 35.2641 9.13446 47.7404 16.792
1 3.85505 16.9173 6.25518 20.454 7.34414 17.5798 3.18197 20.4044
0 53.1379 15.1625 51.3509 18.1307 47.7404 16.792 54.2234 20.6952
0 -8.73271 11.7783 -8.53794 11.6895 -5.9001 2.5487 0.091651 15.6948
0 -10.0972 6.02989 -8.73271 11.7783 -5.9001 2.5487 -15.4111 4.80635
1 -8.53794 11.6895 2.57847 16.0899 0.495023 14.6758 0.091651 15.6948
0 -8.53794 11.6895 -8.30665 11.5675 -5.9001 2.5487 0.495023 14.6758
1 -8.30665 11.5675 3.33994 10.945 0.113511 7.53867 0.495023 14.6758
1 -2.88789 5.03716 -8.30665 11.5675 -5.9001 2.5487 0.113511 7.53867
0 53.0052 13.3517 53.1379 15.1625 58.7154 15.9875 47.7404 16.792
0 3.89552 16.1845 3.85505 16.9173 0.314219 17.1915 7.34414 17.5798
1 22.3641 16.5375 26.3755 16.0662 25.3267 14.0513 25.8222 18.2694
1 24.9333 8.80517 22.3641 16.5375 21.4785 12.7727 25.3267 14.0513
1 -78.0991 13.3824 -69.8437 11.3205 -75.309 7.08936 -72.6777 17.6246
1 -80.4117 11.3783 -78.0991 13.3824 -75.309 7.08936 -83.9315 17.039
1 41.7245 12.6011 47.9686 12.053 46.9182 7.42624 47.7404 16.792
0 41.5221 11.2199 41.7245 12.6011 46.9182 7.42624 35.2641 9.13446
1 5.18694 13.1387 3.89553 16.1845 0.495023 14.6758 7.34414 17.5798
0 2.57847 16.0899 3.89553 16.1845 0.495023 14.6758 0.314219 17.1915
1 28.9654 8.90474 31.3159 13.6554 35.2641 9.13446 25.3267 14.0513
0 26.3755 16.0662 31.3159 13.6554 25.3267 14.0513 27.3184 18.1328
1 54.4281 11.8486 53.0052 13.3517 50.0604 7.79453 58.7154 15.9875
1 47.9686 12.053 53.0052 13.3517 50.0604 7.79453 47.7404 16.792
1 -87.9416 9.84239 -91.172 16.7189 -91.834 14.0147 -88.6681 15.502
1 -97.6906 11.8082 -91.172 16.7189 -91.834 14.0147 -93.9539 16.8287
1 -69.0327 7.6342 -69.8437 11.3205 -75.309 7.08936 -63.1073 9.77395
0 4.79814 11.725 5.18694 13.1387 10.005 12.0603 0.495023 14.6758
1 -97.6906 11.8082 -93.6372 7.76917 -99.8762 5.94375 -91.834 14.0147
1 -73.5172 3.331 -80.4118 11.3782 -76.9563 5.67808 -75.309 7.08936
1 -81.0367 10.9945 -80.4117 11.3783 -76.9563 5.67808 -83.9315 17.039
1 44.5198 5.28923 41.5221 11.2199 41.3769 4.62523 46.9182 7.42624
1 37.8359 6.22296 41.5221 11.2199 41.3769 4.62523 35.2641 9.13446
1 54.4281 11.8486 62.7253 12.1177 58.9746 7.99623 58.7154 15.9875
0 54.4672 10.1184 54.4281 11.8486 50.0604 7.79453 58.9746 7.99623
0 -80.8204 6.96142 -81.0367 10.9945 -84.5252 5.27217 -76.9563 5.67808
1 -84.6469 11.1767 -81.0367 10.9945 -84.5252 5.27217 -83.9315 17.039
1 60.6518 5.54718 62.7253 12.1177 63.4309 6.58995 58.9746 7.99623
1 20.0452 7.38292 15.7787 11.8209 14.6032 6.16305 21.4785 12.7727
0 13.7341 10.2267 15.7787 11.8209 14.6032 6.16305 10.005 12.0603
1 -87.9416 9.84238 -84.6469 11.1767 -84.5252 5.27217 -88.6681 15.502
0 4.79814 11.725 6.27561 10.5204 5.51814 6.55729 10.005 12.0603
0 3.82041 11.1201 4.79814 11.725 5.51814 6.55729 0.495023 14.6758
1 48.5714 6.90958 47.9686 12.053 46.9182 7.42624 50.0604 7.79453
1 -27.5405 1.72925 -26.2769 9.19774 -21.9252 3.01855 -32.419 4.79406
1 -37.6035 8.83814 -26.2769 9.19774 -32.419 4.79406 -32.686 13.2029
1 4.95288 3.7094 3.82042 11.1201 3.56287 6.2585 5.51814 6.55729
0 3.33994 10.945 3.82041 11.1201 3.56287 6.2585 0.495023 14.6758
1 1.16603 5.08748 3.33994 10.945 3.56287 6.2585 0.113511 7.53867
1 -91.2475 7.07864 -87.9416 9.84239 -84.5252 5.27217 -91.834 14.0147
0 -37.7825 7.42844 -37.6035 8.83814 -32.419 4.79406 -43.6341 6.21801
1 28.9654 8.90474 37.8359 6.22296 34.0819 5.22392 35.2641 9.13446
0 28.4629 8.40641 28.9654 8.90474 34.0819 5.22392 25.3267 14.0513
1 58.771 5.04251 54.4672 10.1184 55.8237 5.32459 58.9746 7.99623
1 52.3918 5.27565 54.4672 10.1184 55.8237 5.32459 50.0604 7.79453
0 28.6168 7.46285 28.4629 8.40642 24.1464 3.60347 34.0819 5.22392
0 24.9333 8.80517 28.4629 8.40642 24.1464 3.60347 25.3267 14.0513
1 6.27561 10.5204 13.7341 10.2267 9.87239 8.69199 10.005 12.0603
1 7.95873 7.08724 6.27561 10.5204 5.51814 6.55729 9.87239 8.69199
1 11.5412 6.12451 13.7341 10.2267 14.6032 6.16305 9.87239 8.69199
0 -93.6372 7.76917 -91.2475 7.07864 -95.4433 1.5245 -91.834 14.0147
1 20.0452 7.38292 24.9333 8.80517 24.1464 3.60347 21.4785 12.7727
1 -89.5978 2.2724 -91.2475 7.07864 -95.4433 1.5245 -84.5252 5.27217
0 -69.0327 7.6342 -67.1469 6.1249 -69.8223 1.38393 -63.1073 9.77395
1 -73.509 3.32941 -69.0327 7.6342 -69.8223 1.38393 -75.309 7.08936
0 -37.773 7.34961 -37.7825 7.42844 -42.3711 3.60079 -32.419 4.79406
1 -46.5884 3.17899 -37.7825 7.42844 -42.3711 3.60079 -43.6341 6.21801
1 33.0976 2.87261 28.6168 7.46285 30.7232 1.94535 34.0819 5.22392
1 27.0003 1.05084 28.6168 7.46285 30.7232 1.94535 24.1464 3.60347
1 -37.773 7.34961 -28.4835 -0.799135 -34.5417 2.37419 -32.419 4.79406
0 -38.2661 4.20215 -37.773 7.34961 -34.5417 2.37419 -42.3711 3.60079
1 -55.2475 3.05269 -56.6865 7.88494 -57.8723 2.89605 -52.9647 4.35742
0 -57.3817 7.67644 -56.6865 7.88494 -57.8723 2.89605 -60.4221 11.3979
0 19.7696 6.3552 20.0452 7.38292 24.1464 3.60347 14.6032 6.16305
1 -59.9897 2.58523 -57.3817 7.67644 -57.8723 2.89605 -60.9746 4.48524
0 -60.1384 7.89679 -57.3817 7.67644 -60.9746 4.48524 -60.4221 11.3979
0 -16.6546 3.83468 -19.5128 6.99003 -17.7441 2.69304 -15.4111 4.80635
1 -19.8441 2.73458 -19.5128 6.99003 -17.7441 2.69304 -21.9252 3.01855
0 -67.1469 6.1249 -64.978 5.94523 -63.7628 1.86086 -63.1073 9.77395
0 -67.1333 5.95263 -67.1469 6.1249 -69.8223 1.38393 -63.7628 1.86086
1 22.7133 2.22541 19.7696 6.3552 20.9432 1.32022 24.1464 3.60347
0 18.7042 4.96042 19.7696 6.3552 20.9432 1.32022 14.6032 6.16305
1 -8.56306 0.957133 -10.0972 6.02989 -11.6617 0.806208 -5.9001 2.5487
1 -14.0544 2.32079 -10.0972 6.02989 -11.6617 0.806208 -15.4111 4.80635
1 -64.978 5.94523 -60.1384 7.89679 -60.9746 4.48524 -63.1073 9.77395
1 -63.024 -0.054828 -67.1333 5.95263 -64.5416 1.32811 -63.7628 1.86086
1 -67.4935 -28.1137 -67.1333 5.95263 -64.5416 1.32811 -69.8223 1.38393
1 -80.8204 6.96142 -74.9771 3.22445 -78.0346 3.99188 -76.9563 5.67808
0 -81.2644 4.7108 -80.8204 6.96142 -78.0346 3.99188 -84.5252 5.27217
1 -46.5884 3.17899 -48.3739 5.6612 -50.4093 1.34464 -43.6341 6.21801
1 -52.9906 1.74536 -48.3739 5.6612 -50.4093 1.34464 -52.9647 4.35742
1 -61.9017 2.67689 -64.978 5.94523 -63.7628 1.86086 -60.9746 4.48524
1 37.6652 4.14269 37.8359 6.22296 41.3769 4.62523 34.0819 5.22392
1 67.5922 5.72986 73.0689 2.46975 70.5956 2.72389 71.6664 4.52279
1 66.8553 4.36427 67.5922 5.72986 70.5956 2.72389 63.4309 6.58995
1 7.95873 7.08724 11.5412 6.12451 8.81021 4.73941 9.87239 8.69199
1 6.09153 3.70585 7.95873 7.08724 8.81021 4.73941 5.51814 6.55729
1 20.37 0.957288 18.7042 4.96042 19.7085 0.806413 20.9432 1.32022
0 17.1701 3.49834 18.7042 4.96042 19.7085 0.806413 14.6032 6.16305
1 11.8759 4.76272 11.5412 6.12451 8.81021 4.73941 14.6032 6.16305
1 -2.88789 5.03716 1.16603 5.08748 0.174677 2.61093 0.113511 7.53867
0 -2.87307 3.59117 -2.88789 5.03716 -5.9001 2.5487 0.174677 2.61093
0 53.0229 4.55424 52.3918 5.27565 51.8872 1.88069 55.8237 5.32459
1 50.7698 4.7746 52.3918 5.27565 51.8872 1.88069 50.0604 7.79453
1 48.5714 6.90958 50.7698 4.7746 47.7304 5.39541 50.0604 7.79453
1 44.5199 5.28923 48.5714 6.90958 47.7304 5.39541 46.9182 7.42624
1 60.6518 5.54718 65.6822 3.81893 62.2032 3.0166 63.4309 6.58995
1 60.5881 5.50589 60.6518 5.54719 62.2032 3.0166 58.9746 7.99623
0 44.536 5.15591 44.5199 5.28923 41.3769 4.62523 47.7304 5.39541
1 61.543 1.76656 60.5881 5.50589 60.3642 2.54701 62.2032 3.0166
1 58.771 5.04251 60.5881 5.50589 60.3642 2.54701 58.9746 7.99623
1 70.3654 -1.81408 66.8553 4.36427 66.3494 0.311578 70.5956 2.72389
0 65.6822 3.81892 66.8553 4.36427 66.3494 0.311578 63.4309 6.58995
1 47.9579 1.44897 44.536 5.15591 44.0422 1.99081 47.7304 5.39541
1 40.7497 1.32514 44.536 5.15591 44.0422 1.99081 41.3769 4.62523
1 -29.5505 -9.69017 -38.2661 4.20215 -38.2409 0.0534496 -34.5417 2.37419
1 -44.755 -3.35292 -38.2661 4.20215 -38.2409 0.0534496 -42.3711 3.60079
1 -89.5978 2.2724 -84.1351 2.85395 -84.0073 0.407808 -84.5252 5.27217
1 -99.3756 -97.8613 -89.5978 2.2724 -84.0073 0.407808 -95.4433 1.5245
1 -79.257 1.43559 -81.2644 4.7108 -82.0896 1.50656 -78.0346 3.99188
1 -84.1351 2.85396 -81.2644 4.7108 -82.0896 1.50656 -84.5252 5.27217
1 57.5398 3.02992 58.771 5.04251 60.3642 2.54701 55.8237 5.32459
1 37.6652 4.1427 40.7497 1.32514 37.5196 0.402626 41.3769 4.62523
0 37.3117 3.89059 37.6652 4.14269 37.5196 0.402626 34.0819 5.22392
1 47.9579 1.44897 50.7698 4.7746 51.8872 1.88069 47.7304 5.39541
1 12.7191 3.52104 11.8759 4.76272 9.56858 2.74399 14.6032 6.16305
0 11.611 4.66204 11.8759 4.76272 9.56858 2.74399 8.81021 4.73941
1 1.16603 5.08748 3.27812 3.12558 0.174677 2.61093 3.56287 6.2585
1 -68.1685 -37.9375 -73.509 3.32942 -76.5791 0.509501 -69.8223 1.38393
0 -73.5172 3.331 -73.509 3.32942 -76.5791 0.509501 -75.309 7.08936
0 -74.9771 3.22446 -73.5172 3.331 -76.5791 0.509501 -76.9563 5.67808
1 -27.5405 1.72925 -21.0195 1.96611 -21.8465 0.850734 -21.9252 3.01855
0 -28.4835 -0.799133 -27.5405 1.72925 -21.8465 0.850734 -32.419 4.79406
1 7.72747 1.38469 11.611 4.66205 9.56858 2.74399 9.37692 2.9711
1 6.78422 3.11516 11.611 4.66205 9.37692 2.9711 8.81021 4.73941
1 53.0229 4.55424 55.8654 2.96123 53.8278 1.76319 55.8237 5.32459
1 52.8254 1.29216 53.0229 4.55424 53.8278 1.76319 51.8872 1.88069
1 97.0335 1.03451 94.6572 4.68753 95.049 1.95213 96.9991 3.22064
0 94.0492 2.89308 94.6572 4.68753 95.049 1.95213 92.6833 2.75374
1 -44.7551 -3.35292 -46.5884 3.17899 -50.4093 1.34464 -42.3711 3.60079
1 64.0729 1.35222 65.6822 3.81893 66.3494 0.311578 62.2032 3.0166
1 36.8469 -17.2683 37.3117 3.89059 37.5196 0.402626 36.9507 0.415122
1 34.7349 2.35334 37.3117 3.89059 36.9507 0.415122 34.0819 5.22392
1 17.6659 -0.668725 17.1701 3.49834 15.3342 0.285989 19.7085 0.806413
1 13.2615 3.01217 17.1701 3.49834 15.3342 0.285989 14.6032 6.16305
1 0.184508 -1.78991 -2.87307 3.59117 -3.59106 0.47121 0.174677 2.61093
0 -4.68145 1.58123 -2.87307 3.59117 -3.59106 0.47121 -5.9001 2.5487
0 12.7191 3.52104 13.2615 3.01217 10.2023 1.47281 14.6032 6.16305
1 7.86004 1.09872 12.7191 3.52104 10.2023 1.47281 9.56858 2.74399
0 6.09153 3.70585 6.78422 3.11516 5.50036 0.858038 8.81021 4.73941
1 4.95288 3.7094 6.09153 3.70585 5.50036 0.858038 5.51814 6.55729
1 3.34304 3.13185 4.95288 3.7094 5.50036 0.858038 3.56287 6.2585
0 13.1025 2.32492 13.2615 3.01217 15.3342 0.285989 10.2023 1.47281
1 -79.257 1.43559 -74.9771 3.22446 -76.5791 0.509501 -78.0346 3.99188
0 83.5508 -21.9459 80.9499 -0.281444 74.3626 0.346477 87.2014 1.88783
1 74.727 2.75637 80.9499 -0.281445 74.3626 0.346477 76.4029 4.52598
0 3.27812 3.12558 3.34304 3.13185 4.15657 0.104896 3.56287 6.2585
1 0.184507 -1.78991 3.27812 3.12558 4.15657 0.104896 0.174677 2.61093
1 7.80696 -4.83293 3.34304 3.13185 4.15657 0.104896 5.50036 0.858038
0 -29.5505 -9.69017 -28.4835 -0.799133 -21.8465 0.850734 -34.5417 2.37419
0 57.6053 2.88346 57.5398 3.02992 56.0174 0.602396 60.3642 2.54701
1 55.8654 2.96123 57.5398 3.02992 56.0174 0.602396 55.8237 5.32459
1 7.72747 1.38469 6.78422 3.11516 5.50036 0.858038 9.37692 2.9711
1 -55.2475 3.05269 -52.9906 1.74536 -55.2435 0.42331 -52.9647 4.35742
1 -58.2432 -0.13202 -55.2475 3.05269 -55.2435 0.42331 -57.8723 2.89605
1 59.233 0.799284 57.6053 2.88346 57.2632 0.125259 60.3642 2.54701
1 56.5096 0.0226672 57.6053 2.88346 57.2632 0.125259 56.0174 0.602396
1 33.0976 2.87261 34.7349 2.35334 32.5468 0.3838 34.0819 5.22392
0 31.8649 1.43307 33.0976 2.87261 32.5468 0.3838 30.7232 1.94535
1 -16.6546 3.83468 -14.0544 2.32079 -16.8857 2.27361 -15.4111 4.80635
1 -18.0071 1.06681 -16.6546 3.83468 -16.8857 2.27361 -17.7441 2.69304
0 47.9073 -2.15078 47.9579 1.44897 51.8872 1.88069 44.0422 1.99081
1 17.7268 -2.4418 13.1025 2.32492 15.0728 0.0324355 15.3342 0.285989
1 10.666 -5.91411 13.1025 2.32492 15.0728 0.0324355 10.2023 1.47281
0 55.0233 1.37278 55.8654 2.96123 56.0174 0.602396 53.8278 1.76319
1 -80.2328 -3.95739 -84.1352 2.85395 -84.0073 0.407808 -82.0896 1.50656
1 34.8716 -16.8702 34.7349 2.35334 32.5468 0.3838 36.9507 0.415122
1 73.3013 2.61978 74.727 2.75638 74.3626 0.346477 73.9117 5.05325
0 -14.0556 2.31623 -14.0544 2.32078 -11.6617 0.806208 -16.8857 2.27361
1 -14.0209 0.31111 -14.0556 2.31623 -16.3958 0.724064 -11.6617 0.806208
1 -18.0071 1.06681 -14.0556 2.31623 -16.3958 0.724064 -16.8857 2.27361
0 73.0689 2.46975 73.3013 2.61978 74.3626 0.346477 71.6664 4.52279
1 70.3654 -1.81408 73.0689 2.46975 74.3626 0.346477 70.5956 2.72389
1 27.0003 1.05084 31.8649 1.43307 30.8172 0.748758 30.7232 1.94535
0 26.717 0.388932 27.0003 1.05084 30.8172 0.748758 24.1464 3.60347
1 -18.4075 0.79263 -19.8441 2.73458 -20.4188 0.714302 -17.7441 2.69304
0 -21.0195 1.96611 -19.8441 2.73458 -20.4188 0.714302 -21.9252 3.01855
1 -58.2432 -0.13202 -59.9897 2.58523 -61.1518 0.78815 -57.8723 2.89605
1 -61.9017 2.67689 -59.9897 2.58523 -61.1518 0.78815 -60.9746 4.48524
1 -63.024 -0.054828 -61.9017 2.67689 -61.1518 0.78815 -63.7628 1.86086
1 45.0798 -16.4584 40.7497 1.32514 37.5196 0.402626 44.0422 1.99081
0 27.7548 -16.3747 26.717 0.388932 22.6037 0.240292 30.8172 0.748758
1 22.7133 2.22541 26.717 0.388932 22.6037 0.240292 24.1464 3.60347
1 -47.3529 -27.8354 -52.9906 1.74536 -55.2435 0.42331 -50.4093 1.34464
1 -80.2328 -3.95739 -79.257 1.43559 -76.5791 0.509501 -82.0896 1.50656
1 94.5889 0.893399 94.0492 2.89308 93.6586 1.57686 95.049 1.95213
1 92.2715 1.41994 94.0492 2.89308 93.6586 1.57686 92.6833 2.75374
1 21.2356 -0.046803 22.7133 2.22541 22.6037 0.240292 20.9432 1.32022
0 90.1282 1.14411 92.2715 1.41994 93.0076 0.233883 92.6833 2.75374
1 83.5508 -21.9459 90.1282 1.14411 93.0076 0.233883 87.2014 1.88783
1 -8.56306 0.957133 -4.68145 1.58123 -5.53542 0.280524 -5.9001 2.5487
0 -8.58468 0.705137 -8.56306 0.957133 -5.53542 0.280524 -11.6617 0.806208
0 -47.3529 -27.8354 -44.755 -3.35292 -38.2409 0.0534496 -50.4093 1.34464
1 63.7761 -21.4416 64.0729 1.35222 66.3494 0.311578 61.77 0.371203
1 61.543 1.76656 64.0729 1.35222 61.77 0.371203 62.2032 3.0166
1 -8.37897 -9.79283 -8.58468 0.705137 -11.615 0.161394 -5.53542 0.280524
1 -14.0209 0.31111 -8.58468 0.705137 -11.615 0.161394 -11.6617 0.806208
0 7.86004 1.09872 7.72747 1.38469 5.50036 0.858038 9.56858 2.74399
1 47.9073 -2.15078 52.8254 1.29216 53.0574 0.209189 51.8872 1.88069
0 45.0798 -16.4584 47.9073 -2.15078 53.0574 0.209189 44.0422 1.99081
0 8.64572 -4.91027 7.86004 1.09872 5.50036 0.858038 10.2023 1.47281
0 -28.6659 -27.8786 -29.5505 -9.69017 -38.2409 0.0534496 -21.8465 0.850734
1 -23.5736 -24.7611 -21.0195 1.96611 -20.4188 0.714302 -21.8465 0.850734
0 98.1632 -2.17061 97.0335 1.03451 95.049 1.95213 98.0041 2.99369
0 61.3777 1.65978 61.543 1.76656 61.77 0.371203 60.3642 2.54701
1 -3.7424 -7.99384 -4.68145 1.58123 -5.53542 0.280524 -3.59106 0.47121
1 63.7761 -21.4416 61.3777 1.65978 61.2585 0.318103 61.77 0.371203
1 59.233 0.799284 61.3777 1.65978 61.2585 0.318103 60.3642 2.54701
0 94.5889 0.893394 98.1632 -2.17062 93.6129 0.276883 95.049 1.95213
0 -62.049 -61.7639 -58.2432 -0.13202 -55.2435 0.42331 -61.1518 0.78815
1 60.743 -30.4856 59.233 0.799284 57.2632 0.125259 61.2585 0.318103
0 92.2715 1.41994 93.2616 0.94001 93.0076 0.233883 93.6586 1.57686
0 -18.4075 0.792629 -18.0071 1.06681 -16.3958 0.724064 -17.7441 2.69304
1 -18.3612 -18.2826 -18.4075 0.79263 -20.4188 0.714302 -16.3958 0.724064
0 70.5338 -40.496 70.3654 -1.81408 66.3494 0.311578 74.3626 0.346477
0 -15.9043 -15.6918 -14.0209 0.31111 -11.615 0.161394 -16.3958 0.724064
1 28.1058 -16.3821 31.8649 1.43307 32.5468 0.3838 30.8172 0.748758
1 55.0233 1.37278 56.5096 0.0226707 55.8854 0.45708 56.0174 0.602396
1 54.4583 0.482628 55.0233 1.37278 55.8854 0.45708 53.8278 1.76319
0 0.0281925 -5.09602 0.184508 -1.78991 4.15657 0.104896 -3.59106 0.47121
1 52.8254 1.29216 54.4583 0.48263 53.0574 0.209189 53.8278 1.76319
0 83.338 -57.1878 83.5508 -21.9459 93.0076 0.233883 74.3626 0.346477
1 93.2616 0.940011 94.5889 0.893399 93.6129 0.276883 93.6586 1.57686
0 45.0474 -19.0585 45.0798 -16.4584 53.0574 0.209189 37.5196 0.402626
0 -67.4935 -28.1137 -63.024 -0.054828 -61.1518 0.78815 -64.5416 1.32811
1 55.0352 -6.09936 54.4583 0.482628 53.0574 0.209189 55.8854 0.45708
1 17.6659 -0.668726 20.37 0.957289 19.9265 0.443757 19.7085 0.806413
0 17.7268 -2.4418 17.6659 -0.668725 15.3342 0.285989 19.9265 0.443757
0 -79.1999 -79.4056 -80.2328 -3.95739 -84.0073 0.407808 -76.5791 0.509501
0 45.0474 -19.0585 54.6465 -25.576 30.094 -33.6118 53.0574 0.209189
0 36.8469 -17.2683 45.0474 -19.0585 30.094 -33.6118 37.5196 0.402626
1 99.033 -80.3026 93.2616 0.940011 93.0076 0.233883 93.6129 0.276883
0 8.64572 -4.91027 10.666 -5.91411 4.49854 -10.0061 10.2023 1.47281
0 7.80696 -4.83293 8.64572 -4.91027 4.49854 -10.0061 5.50036 0.858038
0 -28.6659 -27.8786 -23.5736 -24.7611 0.0217805 -34.871 -21.8465 0.850734
0 -40.4485 -40.7874 -28.6659 -27.8786 0.0217805 -34.871 -38.2409 0.0534496
1 21.2356 -0.046803 20.37 0.957288 19.9265 0.443757 20.9432 1.32022
0 -99.3756 -97.8613 -96.1072 -95.0967 0.0813918 -99.0033 -84.0073 0.407808
1 0.0281936 -5.09602 7.80696 -4.83293 4.49854 -10.0061 4.15657 0.104896
0 -3.71608 -7.98699 0.0281936 -5.09602 4.49854 -10.0061 -3.59106 0.47121
0 -47.7651 -46.7855 -47.3529 -27.8354 -38.2409 0.0534496 -55.2435 0.42331
0 18.742 -14.4211 10.666 -5.91411 4.49854 -10.0061 15.0728 0.0324355
0 32.9758 -80.4123 100 -90.0945 15.7366 -93.5775 20.1673 -62.9063
0 100 -81.4266 99.033 -80.3026 20.1673 -62.9063 93.6129 0.276883
0 -68.1685 -37.9375 -67.4935 -28.1137 -61.1518 0.78815 -69.8223 1.38393
0 -67.6262 -67.9601 -68.1685 -37.9375 -76.5791 0.509501 -61.1518 0.78815
0 20.0328 -15.8723 21.2356 -0.046803 22.6037 0.240292 19.9265 0.443757
0 18.742 -14.4211 17.7268 -2.4418 15.0728 0.0324355 19.9265 0.443757
0 -96.1072 -95.0967 -84.0365 -83.9285 0.0480395 -90.4409 -84.0073 0.407808
0 -96.1072 -95.0967 -25.4157 -94.8213 0.0813918 -99.0033 0.0480395 -90.4409
0 -67.6262 -67.9601 -62.049 -61.7639 0.064091 -54.3122 -61.1518 0.78815
0 -68.3898 -69.0277 -67.6262 -67.9601 0.064091 -54.3122 -76.5791 0.509501
0 90.4404 -70.3899 83.338 -57.1878 30.094 -33.6118 93.0076 0.233883
0 83.338 -57.1878 70.5338 -40.496 30.094 -33.6118 74.3626 0.346477
0 27.7548 -16.3747 28.1058 -16.3821 30.094 -33.6118 30.8172 0.748758
1 22.606 -17.5139 27.7548 -16.3747 30.094 -33.6118 22.6037 0.240292
0 -47.7651 -46.7855 -40.4485 -40.7874 0.0320806 -46.633 -38.2409 0.0534496
0 -51.0855 -50.6858 -47.7651 -46.7855 0.0320806 -46.633 -55.2435 0.42331
0 -68.3898 -69.0277 -3.86106 -57.5252 0.932491 -59.1839 0.064091 -54.3122
0 -70.5072 -71.7771 -68.3898 -69.0277 0.932491 -59.1839 -76.5791 0.509501
1 28.1058 -16.3821 34.8716 -16.8702 30.094 -33.6118 32.5468 0.3838
0 -23.5736 -24.7611 -23.1229 -24.5022 0.0217805 -34.871 -20.4188 0.714302
0 -23.1229 -24.5022 -18.3612 -18.2826 0.51456 -15.3122 -20.4188 0.714302
0 -23.1229 -24.5022 -4.35958 -24.975 0.0217805 -34.871 0.51456 -15.3122
0 -18.3612 -18.2826 -15.9043 -15.6918 0.51456 -15.3122 -16.3958 0.724064
0 -62.049 -61.7639 -51.0855 -50.6858 0.064091 -54.3122 -55.2435 0.42331
0 55.0352 -6.09936 56.5096 0.0226672 57.2632 0.125259 55.8854 0.45708
0 -70.5072 -71.7771 -2.3033 -70.7648 1.27475 -82.2445 0.932491 -59.1839
0 -73.0377 -74.1577 -70.5072 -71.7771 1.27475 -82.2445 -76.5791 0.509501
0 -15.9043 -15.6918 -8.37898 -9.79283 0.51456 -15.3122 -11.615 0.161394
0 -8.37898 -9.79283 -3.7424 -7.99384 0.51456 -15.3122 -5.53542 0.280524
1 -73.0377 -74.1577 5.0288 -86.5848 0.112635 -89.5449 1.27475 -82.2445
0 -79.2 -79.4056 -73.0377 -74.1577 0.112635 -89.5449 -76.5791 0.509501
0 -51.0855 -50.6858 -4.22004 -50.4904 0.064091 -54.3122 0.0320806 -46.633
0 -84.0365 -83.9285 -79.2 -79.4056 0.112635 -89.5449 -84.0073 0.407808
0 34.8716 -16.8702 36.8469 -17.2683 30.094 -33.6118 36.9507 0.415122
0 70.5338 -40.496 63.7609 -33.2575 30.094 -33.6118 66.3494 0.311578
0 54.6466 -25.576 55.0352 -6.09936 57.2632 0.125259 53.0574 0.209189
0 19.5537 -15.6195 18.742 -14.4211 4.49854 -10.0061 19.9265 0.443757
0 -3.7424 -7.99384 -3.71608 -7.98699 0.51456 -15.3122 -3.59106 0.47121
1 -3.71608 -7.98699 8.43197 -17.1081 0.51456 -15.3122 4.49854 -10.0061
0 63.7609 -33.2575 63.7761 -21.4416 66.3494 0.311578 61.2585 0.318103
0 99.033 -80.3026 90.4404 -70.3899 20.1673 -62.9063 93.0076 0.233883
0 19.5537 -15.6195 20.0328 -15.8723 6.5047 -24.9946 19.9265 0.443757
0 8.43197 -17.1081 19.5537 -15.6195 6.5047 -24.9946 4.49854 -10.0061
0 20.0328 -15.8723 22.606 -17.5139 6.5047 -24.9946 22.6037 0.240292
0 60.743 -30.4856 63.7609 -33.2575 30.094 -33.6118 61.2585 0.318103
1 -84.0365 -83.9285 0.298004 -90.0086 0.0480395 -90.4409 0.112635 -89.5449
0 54.6465 -25.576 60.743 -30.4856 30.094 -33.6118 57.2632 0.125259
1 19.4331 -46.3284 90.4404 -70.3899 20.1673 -62.9063 30.094 -33.6118
0 18.7745 -28.0026 22.606 -17.5139 30.094 -33.6118 6.5047 -24.9946
0 -40.4485 -40.7874 -27.9392 -40.7765 0.0320806 -46.633 0.0217805 -34.871
1 -4.23026 -24.9418 8.43197 -17.1081 6.5047 -24.9946 0.51456 -15.3122
0 -27.9392 -40.7765 -2.22928 -38.1188 0.638551 -40.8375 0.0217805 -34.871
0 -27.9392 -40.7765 -2.38419 -43.4507 0.0320806 -46.633 0.638551 -40.8375
0 -4.35958 -24.975 -4.23026 -24.9418 4.5677 -31.093 0.51456 -15.3122
1 2.6402 -33.3977 -4.35958 -24.975 0.0217805 -34.871 4.5677 -31.093
1 -4.23026 -24.9418 9.63182 -29.3447 4.5677 -31.093 6.5047 -24.9946
1 19.4331 -46.3284 18.7745 -28.0026 7.88684 -34.41 30.094 -33.6118
0 9.63182 -29.3447 18.7745 -28.0026 7.88684 -34.41 6.5047 -24.9946
1 4.35685 -34.6232 9.63182 -29.3447 7.88684 -34.41 4.5677 -31.093
0 18.3639 -46.7892 19.4331 -46.3284 20.1673 -62.9063 7.88684 -34.41
1 2.6402 -33.3977 4.35685 -34.6232 1.08664 -35.9693 4.5677 -31.093
1 -2.22928 -38.1188 2.6402 -33.3977 1.08664 -35.9693 0.0217805 -34.871
0 14.9872 -52.5802 18.3639 -46.7892 20.1673 -62.9063 3.4491 -53.158
0 15.6274 -46.1414 18.3639 -46.7892 3.4491 -53.158 7.88684 -34.41
1 5.23971 -38.4734 4.35685 -34.6232 1.08664 -35.9693 7.88684 -34.41
0 10.9122 -46.7063 15.6274 -46.1414 3.4491 -53.158 2.13636 -42.2
0 5.23972 -38.4734 15.6274 -46.1414 2.13636 -42.2 7.88684 -34.41
0 3.96171 -38.6887 5.23972 -38.4734 2.13636 -42.2 1.08664 -35.9693
1 -2.22928 -38.1188 3.96171 -38.6887 0.638551 -40.8375 1.08664 -35.9693
1 -0.211056 -43.2761 3.96171 -38.6887 2.13636 -42.2 0.638551 -40.8375
1 1.03404 -51.6161 10.9122 -46.7063 3.4491 -53.158 1.26314 -48.7601
0 9.4757 -46.5151 10.9122 -46.7063 1.26314 -48.7601 2.13636 -42.2
0 3.67569 -46.9596 9.4757 -46.5151 1.26314 -48.7601 1.01695 -45.5478
1 -0.211055 -43.2761 9.4757 -46.5151 1.01695 -45.5478 2.13636 -42.2
0 -2.38419 -43.4507 -0.211055 -43.2761 1.01695 -45.5478 0.638551 -40.8375
1 -2.38419 -43.4507 1.08019 -46.5947 0.0320806 -46.633 1.01695 -45.5478
1 13.9961 -63.5651 14.9872 -52.5802 20.1673 -62.9063 8.04245 -61.8123
0 7.20245 -56.712 14.9872 -52.5802 8.04245 -61.8123 3.4491 -53.158
1 -4.14344 -50.498 3.67569 -46.9596 1.26314 -48.7601 0.730743 -47.5836
0 1.08019 -46.5947 3.67569 -46.9596 0.730743 -47.5836 1.01695 -45.5478
1 -4.22004 -50.4904 1.08019 -46.5947 0.730743 -47.5836 0.0320806 -46.633
0 -4.22004 -50.4904 -4.14344 -50.498 0.064091 -54.3122 0.730743 -47.5836
1 -4.14344 -50.498 1.03404 -51.6161 0.064091 -54.3122 1.26314 -48.7601
1 2.07827 -54.6785 1.03404 -51.6161 0.064091 -54.3122 3.4491 -53.158
1 4.58044 -60.2466 7.20246 -56.712 8.04245 -61.8123 2.07779 -57.3877
0 3.05082 -55.366 7.20245 -56.712 2.07779 -57.3877 3.4491 -53.158
1 -3.86106 -57.5252 2.07828 -54.6785 1.10211 -56.4779 0.064091 -54.3122
0 -3.86106 -57.5252 0.767159 -57.8153 0.932491 -59.1839 1.10211 -56.4779
1 2.07828 -54.6785 3.05082 -55.366 1.10211 -56.4779 3.4491 -53.158
1 0.767159 -57.8153 3.05082 -55.366 2.07779 -57.3877 1.10211 -56.4779
1 0.767159 -57.8153 4.58045 -60.2466 0.932491 -59.1839 2.07779 -57.3877
1 2.42524 -66.0766 4.58044 -60.2466 8.04245 -61.8123 0.932491 -59.1839
1 18.7088 -74.4057 13.9961 -63.5651 9.30488 -67.6285 20.1673 -62.9063
1 2.42524 -66.0766 13.9961 -63.5651 9.30488 -67.6285 8.04245 -61.8123
0 17.9479 -86.7161 32.9758 -80.4122 15.7366 -93.5775 11.5033 -83.4855
0 18.7088 -74.4057 32.9758 -80.4122 11.5033 -83.4855 20.1673 -62.9063
0 -2.3033 -70.7648 2.42524 -66.0766 9.30488 -67.6285 0.932491 -59.1839
1 -2.3033 -70.7648 7.22218 -75.9981 1.27475 -82.2445 9.30488 -67.6285
1 7.22218 -75.9981 18.7088 -74.4057 11.5033 -83.4855 9.30488 -67.6285
0 6.3995 -82.7785 7.22218 -75.9981 11.5033 -83.4855 1.27475 -82.2445
1 -25.4157 -94.8213 0.768312 -93.1937 0.394504 -96.0146 0.0480395 -90.4409
1 -25.4157 -94.8213 8.57269 -98.3821 0.0813918 -99.0033 0.394504 -96.0146
1 6.3995 -82.7785 17.9479 -86.7161 10.8721 -85.3366 11.5033 -83.4855
1 5.25158 -86.3414 6.3995 -82.7785 10.8721 -85.3366 1.27475 -82.2445
0 14.5267 -88.7355 17.9479 -86.7161 15.7366 -93.5775 10.8721 -85.3366
1 5.25157 -86.3414 14.5267 -88.7355 9.68361 -89.9409 10.8721 -85.3366
0 5.02881 -86.5848 5.25159 -86.3414 9.68361 -89.9409 1.27475 -82.2445
0 5.0205 -86.7855 5.0288 -86.5848 9.68361 -89.9409 0.112635 -89.5449
1 5.32096 -93.4089 5.0205 -86.7855 0.66224 -90.3502 9.68361 -89.9409
1 0.298004 -90.0086 5.0205 -86.7855 0.66224 -90.3502 0.112635 -89.5449
1 8.66947 -98.4847 14.5267 -88.7355 15.7366 -93.5775 9.68361 -89.9409
0 8.5727 -98.3821 5.32097 -93.4089 0.394504 -96.0146 9.68361 -89.9409
0 0.768312 -93.1937 5.32097 -93.4089 0.394504 -96.0146 0.66224 -90.3502
1 0.768312 -93.1937 0.298003 -90.0086 0.0480395 -90.4409 0.66224 -90.3502
0 8.66946 -98.4847 8.57269 -98.3821 0.0813918 -99.0033 9.68361 -89.9409
