1 39.4765 -100 35.2159 -72.2919 14.8172 -95.658 61.6922 -88.4503
1 100 -41.0162 100 -41.0162 61.6922 -88.4503 98.3913 19.9338
1 100 45.7887 100 45.7887 98.3913 19.9338 97.5041 71.5731
1 56.0276 100 56.0276 100 97.5041 71.5731 5.7584 98.8209
1 -49.1943 100 -49.1943 100 -98.2254 75.1578 5.7584 98.8209
1 -100 38.3346 -100 38.3346 -99.3959 1.4736 -98.2254 75.1578
1 -94.2657 -100 -94.2657 -100 7.08554 -92.8484 -99.3959 1.4736
1 8.86296 -100 17.4907 -76.2582 14.8172 -95.658 7.08554 -92.8484
1 3.85918 96.9984 3.05399 100 1.30278 97.6257 5.7584 98.8209
1 -51.5333 100 -51.5333 100 -98.2254 75.1578 1.30278 97.6257
1 -100 43.654 -100 43.654 -98.9899 12.1164 -98.2254 75.1578
0 -100 6.82578 -99.671 6.81323 -99.3959 1.4736 -98.9899 12.1164
0 67.5191 79.8362 70.8278 100 97.5041 71.5731 36.4658 81.5888
1 20.4401 89.0075 26.6088 100 36.4658 81.5888 5.7584 98.8209
0 -20.1429 100 0.419378 95.5671 0.376142 93.3274 1.30278 97.6257
1 -48.0876 79.7006 -51.8283 100 -98.2254 75.1578 0.376142 93.3274
0 87.0439 -47.0816 100 -50.9408 61.6922 -88.4503 88.4605 1.41658
1 89.5945 12.73 100 7.1495 88.4605 1.41658 98.3913 19.9338
1 -48.0876 79.7006 2.70507 90.9824 1.58788 87.8719 0.376142 93.3274
0 -47.9445 78.577 -48.0876 79.7006 -98.2254 75.1578 1.58788 87.8719
0 -47.9445 78.577 -11.2528 76.8269 0.478327 64.6098 1.58788 87.8719
0 -48.8239 70.3479 -47.9445 78.577 0.478327 64.6098 -98.2254 75.1578
0 -42.4465 53.6955 -48.8239 70.3479 -81.6809 33.1449 0.478327 64.6098
1 -100 50.1949 -48.8239 70.3479 -81.6809 33.1449 -98.2254 75.1578
0 76.5167 68.2843 67.5191 79.8362 68.1899 48.7407 97.5041 71.5731
0 53.0864 65.8974 67.5191 79.8363 68.1899 48.7407 36.4658 81.5888
1 19.2437 85.9343 20.4401 89.0075 36.4658 81.5888 3.61688 94.3773
1 3.85919 96.9984 20.4401 89.0075 3.61688 94.3773 5.7584 98.8209
1 19.0167 84.6742 19.2437 85.9343 36.4658 81.5888 1.58788 87.8719
0 3.22833 90.9294 19.2437 85.9343 1.58788 87.8719 3.61688 94.3773
0 19.7929 81.7193 19.0167 84.6742 5.33671 73.4116 36.4658 81.5888
1 -11.2528 76.8269 19.0167 84.6742 5.33671 73.4116 1.58788 87.8719
0 2.75581 96.2124 3.85919 96.9984 3.61688 94.3773 1.30278 97.6257
1 27.5973 63.1914 19.7929 81.7193 8.2384 69.6988 36.4658 81.5888
1 3.27339 68.8088 19.7929 81.7193 8.2384 69.6988 5.33671 73.4116
1 3.22828 90.9294 2.75581 96.2124 2.23403 94.2536 3.61688 94.3773
1 0.419378 95.5671 2.75581 96.2123 2.23403 94.2536 1.30278 97.6257
0 -42.4465 53.6955 -9.15642 57.8257 1.84407 53.6017 0.478327 64.6098
0 -42.4309 53.6319 -42.4465 53.6955 -81.6809 33.1449 1.84407 53.6017
0 -42.4309 53.6319 -11.6561 49.7902 0.492798 42.7769 1.84407 53.6017
0 -41.9826 49.807 -42.4309 53.6319 -81.6809 33.1449 0.492798 42.7769
1 2.70507 90.9824 0.419376 95.5671 0.376142 93.3274 2.23403 94.2536
0 2.70507 90.9824 3.22833 90.9294 1.58788 87.8719 2.23403 94.2536
1 -11.2528 76.8269 3.27339 68.8088 0.478327 64.6098 5.33671 73.4116
1 -41.9826 49.807 2.93821 41.9932 0.371784 42.0812 0.492798 42.7769
0 -41.87 48.7733 -41.9826 49.807 -81.6809 33.1449 0.371784 42.0812
0 -41.87 48.7733 -31.3299 38.5076 -34.0665 6.72267 0.371784 42.0812
0 -51.2855 31.806 -41.87 48.7733 -34.0665 6.72267 -81.6809 33.1449
1 76.5167 68.2843 100 58.0055 88.3391 50.6345 97.5041 71.5731
1 78.9081 42.8401 76.5167 68.2843 68.1899 48.7407 88.3391 50.6345
1 60.6822 29.4372 53.0864 65.8974 46.0906 44.1368 68.1899 48.7407
1 30.7277 60.1514 53.0864 65.8974 46.0906 44.1368 36.4658 81.5888
1 91.0843 26.7022 100 31.5463 98.3913 19.9338 89.3819 36.5158
1 100 52.5253 100 52.5253 89.3819 36.5158 97.5041 71.5731
1 78.9081 42.8401 100 44.3979 89.3819 36.5158 88.3391 50.6345
0 27.5973 63.1914 30.7277 60.1514 9.46744 53.7882 36.4658 81.5888
1 8.08995 61.6846 27.5973 63.1914 9.46744 53.7882 8.2384 69.6988
0 30.1342 57.8992 30.7277 60.1514 46.0906 44.1368 9.46744 53.7882
1 -100 30.5858 -86.5346 19.5021 -98.9899 12.1164 -81.6809 33.1449
1 50.3708 32.7706 30.1342 57.8992 40.1784 39.3755 46.0906 44.1368
1 23.2731 43.2795 30.1342 57.8992 40.1784 39.3755 9.46744 53.7882
0 4.33865 67.1844 3.2734 68.8088 0.478327 64.6098 8.2384 69.6988
1 8.08994 61.6846 4.33865 67.1844 0.574367 64.4713 8.2384 69.6988
1 -9.15642 57.8257 4.33864 67.1844 0.574367 64.4713 0.478327 64.6098
1 -31.3299 38.5076 4.10518 41.1739 0.549598 39.7181 0.371784 42.0812
0 -28.7758 35.828 -31.3299 38.5076 -34.0665 6.72267 0.549598 39.7181
0 6.48031 60.3446 8.08995 61.6846 9.46744 53.7882 0.574367 64.4713
0 -9.15642 57.8257 -0.738928 58.8089 1.84407 53.6017 0.574367 64.4713
1 6.01162 52.1466 6.48031 60.3446 9.46744 53.7882 2.76541 54.1713
1 -0.738928 58.8089 6.48031 60.3446 2.76541 54.1713 0.574367 64.4713
0 -28.7758 35.828 -28.2007 35.53 -15.0431 9.6264 0.549598 39.7181
0 -24.9352 10.6668 -28.7758 35.828 -34.0665 6.72267 -15.0431 9.6264
1 3.09439 52.6094 -0.738926 58.8089 1.84407 53.6017 2.76541 54.1713
0 -28.2007 35.53 -6.74986 35.1099 0.363567 30.2194 0.549598 39.7181
0 -28.2007 35.53 -10.7181 22.4504 -15.0431 9.6264 0.363567 30.2194
1 -11.6561 49.7902 3.09439 52.6094 2.29811 51.226 1.84407 53.6017
0 -11.6561 49.7902 -3.57817 48.0642 0.492798 42.7769 2.29811 51.226
0 -43.2198 10.5518 -51.2855 31.806 -47.5282 1.61407 -34.0665 6.72267
0 -55.8772 26.8325 -51.2855 31.806 -47.5282 1.61407 -81.6809 33.1449
0 22.5409 40.4992 23.2731 43.2795 40.1784 39.3755 6.63775 48.2083
1 6.06107 52.0082 23.2731 43.2795 6.63775 48.2083 9.46744 53.7882
1 23.3951 32.7142 22.5409 40.4992 5.5667 35.5781 40.1784 39.3755
0 8.06962 41.7264 22.5409 40.4992 5.5667 35.5781 6.63775 48.2083
0 6.06107 52.0082 6.01162 52.1466 2.29811 51.226 9.46744 53.7882
0 3.09439 52.6094 6.01162 52.1466 2.29811 51.226 2.76541 54.1713
1 3.10506 47.7573 6.06107 52.0082 6.63775 48.2083 2.29811 51.226
1 76.372 38.4438 78.9081 42.8401 89.3819 36.5158 68.1899 48.7407
1 -3.57817 48.0642 3.10506 47.7573 1.98359 44.3771 2.29811 51.226
1 -3.57817 48.0642 2.93821 41.9932 0.492798 42.7769 1.98359 44.3771
0 -51.0254 3.28048 -55.8772 26.8325 -53.5793 0.367541 -47.5282 1.61407
0 -58.0321 24.985 -55.8772 26.8325 -53.5793 0.367541 -81.6809 33.1449
1 76.372 38.4438 91.0843 26.7022 81.1375 26.1856 89.3819 36.5158
1 60.6822 29.4372 76.372 38.4438 81.1375 26.1856 68.1899 48.7407
1 8.06962 41.7264 3.10505 47.7573 1.98359 44.3771 6.63775 48.2083
1 23.3951 32.7142 50.3708 32.7706 40.2061 26.123 40.1784 39.3755
1 22.0864 27.9196 23.3951 32.7142 40.2061 26.123 5.5667 35.5781
0 60.6668 29.4072 60.6822 29.4372 81.1375 26.1856 46.0906 44.1368
0 60.6712 26.5177 60.6668 29.4072 40.2061 26.123 81.1375 26.1856
0 50.3708 32.7706 60.6668 29.4072 40.2061 26.123 46.0906 44.1368
1 -62.1242 -38.7905 -58.0321 24.985 -53.5793 0.367541 -65.5946 1.1385
0 -71.4374 18.2476 -58.0321 24.985 -65.5946 1.1385 -81.6809 33.1449
0 5.59038 40.7168 8.06962 41.7264 5.5667 35.5781 1.98359 44.3771
0 63.207 23.7366 60.6712 26.5177 59.1175 6.10782 81.1375 26.1856
0 57.8938 23.8935 60.6712 26.5177 59.1175 6.10782 40.2061 26.123
0 22.0864 27.9196 33.3247 21.6899 33.2114 13.5049 40.2061 26.123
1 18.059 22.8757 22.0864 27.9196 33.2114 13.5049 5.5667 35.5781
0 4.15312 38.975 5.59038 40.7168 5.5667 35.5781 0.549598 39.7181
0 4.10518 41.1739 5.59038 40.7168 0.549598 39.7181 1.98359 44.3771
0 2.93821 41.9932 4.10518 41.1739 0.371784 42.0812 1.98359 44.3771
1 -6.74986 35.1099 4.15312 38.975 1.82224 36.1282 0.549598 39.7181
1 -6.74986 35.1099 3.22357 32.6478 0.363567 30.2194 1.82224 36.1282
1 3.22357 32.6478 4.15312 38.975 5.5667 35.5781 1.82224 36.1282
1 63.207 23.7366 87.9478 18.0463 78.2659 13.7002 81.1375 26.1856
0 68.0963 11.4056 63.207 23.7366 59.1175 6.10782 78.2659 13.7002
1 55.384 4.8359 57.8938 23.8935 59.1175 6.10782 52.1072 7.03104
0 49.761 18.8238 57.8938 23.8935 52.1072 7.03104 40.2061 26.123
1 27.6556 9.34137 18.059 22.8757 21.8882 5.47607 33.2114 13.5049
0 16.8758 22.2341 18.059 22.8757 21.8882 5.47607 5.5667 35.5781
0 15.7455 19.8182 16.8758 22.2341 21.8882 5.47607 0.798894 15.3428
0 13.0107 23.1448 16.8758 22.2341 0.798894 15.3428 5.5667 35.5781
1 -10.7181 22.4504 13.0107 23.1448 0.798894 15.3428 0.363567 30.2194
0 3.22357 32.6478 13.0107 23.1448 0.363567 30.2194 5.5667 35.5781
1 87.9478 18.0463 91.0843 26.7022 98.3913 19.9338 81.1375 26.1856
1 -62.1242 -38.7905 -71.4374 18.2476 -71.5347 0.16861 -65.5946 1.1385
1 -78.5676 16.0538 -71.4374 18.2476 -71.5347 0.16861 -81.6809 33.1449
1 -5.83201 8.90936 -10.7181 22.4504 -15.0431 9.6264 0.798894 15.3428
0 16.7502 10.9164 15.7455 19.8182 12.954 4.4677 21.8882 5.47607
1 5.7918 8.69293 15.7455 19.8182 12.954 4.4677 0.798894 15.3428
0 -86.5346 19.5021 -78.5676 16.0538 -93.1592 6.62586 -81.6809 33.1449
1 -97.0484 8.33692 -86.5346 19.5021 -93.1592 6.62586 -98.9899 12.1164
0 -78.5793 16.0144 -78.5676 16.0538 -71.5347 0.16861 -93.1592 6.62586
1 -84.5717 -56.0136 -78.5793 16.0144 -71.5347 0.16861 -88.1456 1.55056
1 -91.2939 3.45453 -78.5793 16.0144 -88.1456 1.55056 -93.1592 6.62586
1 44.2747 7.32341 49.761 18.8238 52.1072 7.03104 39.1191 13.227
0 41.5974 19.5119 49.761 18.8238 39.1191 13.227 40.2061 26.123
1 33.3247 21.6899 41.5974 19.5119 37.1311 14.4429 40.2061 26.123
1 35.642 12.0069 33.3247 21.6899 33.2114 13.5049 37.1311 14.4429
1 89.5945 12.73 87.9478 18.0463 78.2659 13.7002 98.3913 19.9338
1 36.6887 11.4865 41.5974 19.5119 39.1191 13.227 37.1311 14.4429
0 84.257 8.30013 89.5945 12.73 88.4605 1.41658 78.2659 13.7002
0 68.0963 11.4056 70.6508 9.90039 71.0169 1.39776 78.2659 13.7002
0 66.8492 8.25481 68.0963 11.4056 71.0169 1.39776 59.1175 6.10782
0 -24.9352 10.6668 -21.6689 7.45491 -23.7287 0.793571 -15.0431 9.6264
1 -30.254 1.39312 -24.9352 10.6668 -23.7287 0.793571 -34.0665 6.72267
0 -41.6384 7.46742 -43.2198 10.5518 -45.4533 0.884488 -34.0665 6.72267
1 -47.0274 -0.276904 -43.2198 10.5518 -45.4533 0.884488 -47.5282 1.61407
0 70.6508 9.90039 73.5624 9.07629 75.1448 2.67318 78.2659 13.7002
1 73.402 0.995897 70.6508 9.90039 71.0169 1.39776 75.1448 2.67318
1 26.0041 -1.54777 16.7502 10.9164 20.4714 4.42414 21.8882 5.47607
1 16.6409 -7.94507 16.7502 10.9164 20.4714 4.42414 12.954 4.4677
1 -5.83201 8.90936 -2.89493 7.0362 -8.86888 0.183805 0.798894 15.3428
1 -14.6926 3.11569 -5.83201 8.90936 -8.86888 0.183805 -15.0431 9.6264
1 16.5323 -7.95994 5.7918 8.69293 6.68684 0.425615 12.954 4.4677
1 1.2136 6.88587 5.7918 8.69293 6.68684 0.425615 0.798894 15.3428
0 83.6936 5.74441 84.257 8.30012 88.4605 1.41658 77.549 3.82167
1 73.5624 9.07629 84.257 8.30012 77.549 3.82167 78.2659 13.7002
1 27.6556 9.34137 35.642 12.0069 34.5984 9.34935 33.2114 13.5049
1 28.9122 5.21787 27.6556 9.34137 21.8882 5.47607 34.5984 9.34935
1 73.5113 -26.0144 66.8492 8.25481 65.554 0.335752 71.0169 1.39776
1 61.1662 1.91759 66.8492 8.25481 65.554 0.335752 59.1175 6.10782
1 -2.89493 7.0362 1.2136 6.88587 0.181954 -1.51811 0.798894 15.3428
1 -4.72388 -2.69021 -2.89493 7.0362 0.181954 -1.51811 -8.86888 0.183805
0 76.2106 3.53273 73.5624 9.07629 75.1448 2.67318 77.549 3.82167
1 4.22755 -3.20061 1.2136 6.88587 0.181954 -1.51811 6.68684 0.425615
1 47.7493 -0.897273 44.2748 7.32341 39.0262 1.5023 52.1072 7.03104
0 40.232 7.35545 44.2748 7.32341 39.0262 1.5023 39.1191 13.227
0 -41.6384 7.46743 -38.3805 4.69495 -39.6922 0.112098 -34.0665 6.72267
0 -42.3127 2.43772 -41.6384 7.46742 -39.6922 0.112098 -45.4533 0.884488
1 35.642 12.0069 36.6887 11.4864 34.5984 9.34935 37.1311 14.4429
1 40.232 7.35546 36.6887 11.4865 34.5984 9.34935 39.1191 13.227
1 -21.6689 7.45491 -14.6926 3.1157 -20.6875 0.551772 -15.0431 9.6264
1 -24.224 -24.6817 -21.6689 7.45491 -20.6875 0.551772 -23.7287 0.793571
1 35.5754 4.72788 40.232 7.35546 39.0262 1.5023 34.5984 9.34935
1 -97.0484 8.33692 -91.2939 3.45453 -94.7267 4.77836 -93.1592 6.62586
0 -99.671 6.81323 -97.0484 8.33692 -94.7267 4.77836 -98.9899 12.1164
1 28.9122 5.21787 35.5754 4.72787 33.9328 0.299028 34.5984 9.34935
1 26.0041 -1.54777 28.9122 5.21787 33.9328 0.299028 21.8882 5.47607
1 87.0438 -47.0816 83.6936 5.74441 79.5116 0.849045 88.4605 1.41658
1 77.3092 1.52916 83.6936 5.74441 79.5116 0.849045 77.549 3.82167
0 -97.1186 3.20692 -99.671 6.81323 -99.3959 1.4736 -94.7267 4.77836
1 -100 -4.98693 -97.1186 3.20692 -96.4274 0.429715 -99.3959 1.4736
1 -93.143 -100 -93.143 -100 7.08554 -92.8484 -96.4274 0.429715
1 -15.2215 -13.8695 -14.6926 3.11569 -8.86888 0.183805 -20.6875 0.551772
1 -38.3805 4.69495 -30.254 1.39312 -36.7032 0.232934 -34.0665 6.72267
1 -36.7005 -36.8612 -38.3805 4.69495 -39.6922 0.112098 -36.7032 0.232934
0 36.0189 2.85033 35.5754 4.72787 33.9328 0.299028 39.0262 1.5023
1 55.384 4.8359 61.1662 1.91758 56.5783 1.07691 59.1175 6.10782
1 47.7493 -0.897274 55.384 4.8359 56.5783 1.07691 52.1072 7.03104
0 47.6184 -6.29536 47.7493 -0.897273 56.5783 1.07691 39.0262 1.5023
1 -28.9734 -28.2423 -30.254 1.39312 -36.7032 0.232934 -23.7287 0.793571
1 -51.0254 3.28048 -47.0274 -0.276905 -48.9638 0.000693416 -47.5282 1.61407
1 -55.7651 -56.3522 -51.0254 3.28048 -48.9638 0.000693416 -53.5793 0.367541
1 -92.3332 1.3354 -91.2939 3.45453 -88.1456 1.55056 -94.7267 4.77836
0 23.6982 -9.07271 26.0041 -1.54777 33.9328 0.299028 20.4714 4.42414
1 57.7261 -39.7432 61.1662 1.91759 65.554 0.335752 56.5783 1.07691
1 36.0189 2.85033 47.6184 -6.29536 38.0313 0.240539 39.0262 1.5023
1 35.7072 -18.9937 36.0189 2.85033 38.0313 0.240539 33.9328 0.299028
1 -97.1186 3.20692 -92.3332 1.3354 -96.4274 0.429715 -94.7267 4.77836
1 -43.8432 -40.2868 -42.3127 2.43772 -39.6922 0.112098 -45.0929 0.305569
1 -46.9795 -0.467096 -42.3127 2.43772 -45.0929 0.305569 -45.4533 0.884488
1 -84.5717 -56.0136 -92.3332 1.3354 -96.4274 0.429715 -88.1456 1.55056
0 48.7944 -32.3735 47.6184 -6.29536 38.0313 0.240539 56.5783 1.07691
1 16.6409 -7.94507 23.6982 -9.07271 16.4263 -20.892 20.4714 4.42414
0 16.5323 -7.95994 16.6409 -7.94507 16.4263 -20.892 12.954 4.4677
0 13.6948 -9.2563 16.5323 -7.95994 16.4263 -20.892 6.68684 0.425615
1 77.3092 1.52916 76.2106 3.53273 75.2474 2.5596 77.549 3.82167
1 73.402 0.995895 76.2106 3.53273 75.2474 2.5596 75.1448 2.67318
1 23.6982 -9.07271 35.7072 -18.9937 16.4263 -20.892 33.9328 0.299028
0 74.903 -4.46943 77.3092 1.52916 79.5116 0.849045 75.2474 2.5596
0 74.903 -4.46943 73.402 0.995897 71.0169 1.39776 75.2474 2.5596
1 8.8996 -16.2938 13.6948 -9.2563 16.4263 -20.892 1.86645 -10.9712
0 8.39623 -7.01522 13.6948 -9.2563 1.86645 -10.9712 6.68684 0.425615
0 73.5113 -26.0144 74.903 -4.46943 79.5116 0.849045 71.0169 1.39776
1 -4.72388 -2.69021 4.22755 -3.20061 0.0169285 -4.41236 0.181954 -1.51811
0 -7.5794 -8.21082 -4.72388 -2.69021 0.0169285 -4.41236 -8.86888 0.183805
0 48.8783 -32.5268 48.7944 -32.3735 16.4263 -20.892 56.5783 1.07691
0 48.7944 -32.3735 35.7072 -18.9937 16.4263 -20.892 38.0313 0.240539
0 48.8783 -32.5268 57.7262 -39.7432 17.5087 -46.8254 56.5783 1.07691
0 20.1071 -33.7277 48.8783 -32.5268 17.5087 -46.8254 16.4263 -20.892
0 -46.9795 -0.467097 -47.0274 -0.276904 -48.9638 0.000693416 -45.4533 0.884488
0 -84.8847 -85.8504 -84.5717 -56.0136 -71.5347 0.16861 -96.4274 0.429715
0 -43.8432 -40.2868 -46.9795 -0.467097 -48.9638 0.000693416 -45.0929 0.305569
0 -15.2215 -13.8695 -9.86819 -10.786 0.122274 -15.4258 -8.86888 0.183805
0 -22.5657 -23.435 -15.2215 -13.8695 0.122274 -15.4258 -20.6875 0.551772
0 74.1917 -44.517 73.5113 -26.0144 65.554 0.335752 79.5116 0.849045
0 74.1917 -44.517 87.0439 -47.0816 61.6922 -88.4503 79.5116 0.849045
0 -61.8742 -61.3626 -62.1242 -38.7905 -71.5347 0.16861 -53.5793 0.367541
0 -28.9734 -28.2423 -24.9482 -25.2974 0.287876 -32.0326 -23.7287 0.793571
0 -34.8337 -34.9608 -28.9734 -28.2423 0.287876 -32.0326 -36.7032 0.232934
0 -84.8847 -85.8504 -61.8742 -61.3626 0.13846 -67.1807 -71.5347 0.16861
0 -94.7915 -100 -84.8847 -85.8504 0.13846 -67.1807 -96.4274 0.429715
0 5.75508 -5.30655 4.22755 -3.20061 0.0169285 -4.41236 6.68684 0.425615
1 61.8867 -43.9817 74.1917 -44.517 61.6922 -88.4503 65.554 0.335752
0 61.8867 -43.9817 57.7262 -39.7432 17.5087 -46.8254 65.554 0.335752
0 -61.8742 -61.3626 -56.1917 -56.8437 0.13846 -67.1807 -53.5793 0.367541
0 -24.9482 -25.2974 -24.224 -24.6817 0.998743 -28.2938 -23.7287 0.793571
1 -24.9482 -25.2974 3.53867 -30.7137 0.287876 -32.0326 0.998743 -28.2938
0 -24.224 -24.6817 -22.5657 -23.435 0.998743 -28.2938 -20.6875 0.551772
1 -22.5657 -23.435 7.18475 -21.4086 0.998743 -28.2938 0.122274 -15.4258
1 -3.24474 -11.5387 8.39623 -7.01522 1.86645 -10.9712 0.908553 -8.50611
0 5.75508 -5.30655 8.39623 -7.01522 0.908553 -8.50611 6.68684 0.425615
1 -70.2289 -100 17.4907 -76.2582 7.08554 -92.8484 0.13846 -67.1807
1 -7.5794 -8.21082 5.75508 -5.30655 0.908553 -8.50611 0.0169285 -4.41236
1 35.2159 -72.2919 61.8867 -43.9817 61.6922 -88.4503 17.5087 -46.8254
0 -56.1917 -56.8437 -55.7651 -56.3522 0.0838308 -46.2132 -53.5793 0.367541
0 -56.1917 -56.8437 -54.4403 -56.8391 0.13846 -67.1807 0.0838308 -46.2132
0 -55.7651 -56.3522 -45.1381 -45.0736 0.0838308 -46.2132 -48.9638 0.000693416
0 -43.8042 -43.5362 -43.8432 -40.2868 -48.9638 0.000693416 -39.6922 0.112098
0 -43.8042 -43.5362 -37.02 -37.2138 0.0252867 -42.5064 -39.6922 0.112098
0 -45.1381 -45.0736 -43.8042 -43.5362 0.0252867 -42.5064 -48.9638 0.000693416
1 -34.8337 -34.9608 2.55877 -34.0649 0.387816 -36.2037 0.287876 -32.0326
0 -36.7005 -36.8612 -34.8337 -34.9608 0.387816 -36.2037 -36.7032 0.232934
0 -9.86819 -10.786 -7.5794 -8.21082 0.908553 -8.50611 -8.86888 0.183805
0 -37.02 -37.2138 -36.7005 -36.8612 0.387816 -36.2037 -39.6922 0.112098
0 -9.86819 -10.786 -3.24474 -11.5387 0.122274 -15.4258 0.908553 -8.50611
0 -37.02 -37.2138 -2.19348 -39.217 0.0252867 -42.5064 0.387816 -36.2037
0 -45.1381 -45.0736 -2.14803 -44.3946 0.0838308 -46.2132 0.0252867 -42.5064
1 -54.4403 -56.8391 2.71961 -46.8808 0.464878 -48.4004 0.0838308 -46.2132
0 -54.4403 -56.8391 -21.329 -57.4146 0.13846 -67.1807 0.464878 -48.4004
1 -3.24474 -11.5387 8.89959 -16.2938 0.122274 -15.4258 1.86645 -10.9712
1 7.18475 -21.4086 8.89959 -16.2938 16.4263 -20.892 0.122274 -15.4258
0 7.9471 -22.9976 7.18475 -21.4086 0.998743 -28.2938 16.4263 -20.892
1 7.9471 -22.9976 20.1071 -33.7277 6.91315 -31.6729 16.4263 -20.892
1 3.53867 -30.7137 7.94709 -22.9976 6.91315 -31.6729 0.998743 -28.2938
0 13.3744 -38.4356 20.1071 -33.7277 17.5087 -46.8254 6.91315 -31.6729
1 3.71611 -33.9817 3.53867 -30.7137 0.287876 -32.0326 6.91315 -31.6729
1 11.6552 -49.2789 13.3744 -38.4356 17.5087 -46.8254 6.84766 -45.1352
0 7.02985 -38.4047 13.3744 -38.4356 6.84766 -45.1352 6.91315 -31.6729
1 7.02985 -38.4047 3.71611 -33.9817 0.601977 -36.4012 6.91315 -31.6729
0 2.55877 -34.0649 3.71611 -33.9817 0.601977 -36.4012 0.287876 -32.0326
1 -2.19348 -39.217 2.55877 -34.0649 0.601977 -36.4012 0.387816 -36.2037
0 4.95035 -39.8918 7.02985 -38.4047 6.84766 -45.1352 0.601977 -36.4012
1 -21.329 -57.4146 2.51876 -53.9952 2.11973 -59.9418 0.464878 -48.4004
1 -21.329 -57.4146 13.0885 -66.8345 0.13846 -67.1807 2.11973 -59.9418
0 3.74013 -43.0327 4.95035 -39.8918 6.84766 -45.1352 0.0252867 -42.5064
1 -2.19348 -39.217 4.95035 -39.8918 0.0252867 -42.5064 0.601977 -36.4012
1 3.7411 -46.9336 3.74013 -43.0327 0.633648 -45.1367 6.84766 -45.1352
1 -2.14803 -44.3946 3.74013 -43.0327 0.633648 -45.1367 0.0252867 -42.5064
0 31.5592 -72.0903 35.2159 -72.2919 14.8172 -95.658 17.5087 -46.8254
1 -2.14803 -44.3946 2.71961 -46.8808 0.0838308 -46.2132 0.633648 -45.1367
1 31.5592 -72.0903 11.6552 -49.2789 8.4312 -54.7459 17.5087 -46.8254
1 5.46282 -50.2992 11.6552 -49.2789 8.4312 -54.7459 6.84766 -45.1352
0 22.978 -73.4298 31.5592 -72.0903 14.8172 -95.658 8.4312 -54.7459
0 5.46282 -50.2992 3.7411 -46.9336 0.464878 -48.4004 6.84766 -45.1352
0 2.71961 -46.8808 3.7411 -46.9336 0.464878 -48.4004 0.633648 -45.1367
1 2.51875 -53.9952 5.46282 -50.2992 8.4312 -54.7459 0.464878 -48.4004
1 13.0885 -66.8345 2.51876 -53.9952 2.11973 -59.9418 8.4312 -54.7459
0 17.4907 -76.2582 22.978 -73.4298 14.8172 -95.658 0.13846 -67.1807
0 13.0885 -66.8345 22.978 -73.4298 0.13846 -67.1807 8.4312 -54.7459
