1 32.5279 -100 32.5279 -100 7.12421 -99.6763 57.0253 -93.2676
0 77.5945 -100 77.2982 -98.7527 57.0253 -93.2676 92.9393 -84.7373
1 100 -64.232 100 -64.232 92.9393 -84.7373 99.6829 -42.5474
1 100 22.8519 100 22.8519 99.6829 -42.5474 98.2248 88.2278
1 93.0232 91.2767 100 96.6777 98.2248 88.2278 91.3748 97.0763
1 70.7308 100 70.7308 100 91.3748 97.0763 50.0335 97.4817
1 -3.45631 100 -3.45631 100 -56.8744 96.2574 50.0335 97.4817
1 -63.2415 78.5972 -77.6681 100 -82.0005 79.3212 -56.8744 96.2574
1 -100 4.51962 -100 4.51962 -85.3919 -71.0175 -82.0005 79.3212
1 -43.673 -100 -43.673 -100 7.12421 -99.6763 -85.3919 -71.0175
1 91.9206 -34.3595 100 -34.0125 99.6829 -42.5474 98.9524 -25.5362
1 100 31.3548 100 31.3548 98.9524 -25.5362 98.2248 88.2278
1 -100 26.7465 -100 26.7465 -78.7102 -24.584 -82.0005 79.3212
1 -100 -45.2179 -81.3525 -47.9013 -85.3919 -71.0175 -78.7102 -24.584
1 30.994 100 30.994 100 15.5114 88.6365 50.0335 97.4817
1 -19.8863 100 -19.8863 100 15.5114 88.6365 -56.8744 96.2574
1 100 25.9701 100 25.9701 98.9524 -25.5362 96.6647 77.3789
1 93.4801 83.3735 100 82.4359 96.6647 77.3789 98.2248 88.2278
1 -100 55.082 -68.2509 59.0966 -76.5335 36.0861 -82.0005 79.3212
1 -100 6.55394 -45.6491 4.60398 -78.7102 -24.584 -76.5335 36.0861
1 100 0.658669 100 0.658669 98.9524 -25.5362 92.5679 25.7989
1 100 51.1613 100 51.1613 92.5679 25.7989 96.6647 77.3789
1 86.8028 93.4909 85.7733 100 81.3475 95.4903 91.3748 97.0763
1 65.9139 100 65.9139 100 81.3475 95.4903 50.0335 97.4817
1 11.0699 85.1057 5.44954 100 5.40314 84.8221 15.5114 88.6365
0 -25.1317 93.8286 -23.9985 100 5.40314 84.8221 -56.8744 96.2574
1 71.1992 94.2106 70.7008 100 60.9816 93.737 81.3475 95.4903
1 54.2023 91.7935 57.0093 100 60.9816 93.737 50.0335 97.4817
1 91.8503 34.5548 100 35.051 92.5679 25.7989 91.5003 43.3331
1 100 59.4584 100 59.4584 91.5003 43.3331 96.6647 77.3789
0 41.6468 95.604 38.8812 100 36.3238 88.8566 50.0335 97.4817
0 25.8142 98.5163 25.7985 100 15.5114 88.6365 36.3238 88.8566
0 99.171 53.7447 100 53.6669 91.5003 43.3331 93.5714 65.4017
1 100 70.1295 100 70.1295 93.5714 65.4017 96.6647 77.3789
0 -23.259 87.1911 -25.1317 93.8286 -46.4561 70.1904 5.40314 84.8221
1 -63.2415 78.5972 -25.1317 93.8286 -46.4561 70.1904 -56.8744 96.2574
1 -11.811 69.0849 -23.259 87.1911 -33.4095 60.282 5.40314 84.8221
1 -54.0843 46.6027 -23.259 87.1911 -33.4095 60.282 -46.4561 70.1904
1 30.9744 82.7464 25.8142 98.5163 23.0477 84.5125 36.3238 88.8566
0 20.633 89.0479 25.8142 98.5163 23.0477 84.5125 15.5114 88.6365
1 73.6979 89.2902 71.1992 94.2106 64.1788 86.7717 81.3475 95.4903
1 55.7246 87.1076 71.1992 94.2106 64.1788 86.7717 60.9816 93.737
1 41.6468 95.604 54.2023 91.7935 47.5752 89.3818 50.0335 97.4817
1 42.1382 85.0761 41.6468 95.604 36.3238 88.8566 47.5752 89.3818
1 86.8028 93.4909 93.0232 91.2767 88.081 87.8231 91.3748 97.0763
1 81.6447 88.961 86.8028 93.4909 88.081 87.8231 81.3475 95.4903
1 73.6979 89.2902 79.3034 87.7075 76.9753 80.0049 81.3475 95.4903
1 67.7078 77.9623 73.6979 89.2902 76.9753 80.0049 64.1788 86.7717
1 55.7246 87.1076 54.2023 91.7935 47.5752 89.3818 60.9816 93.737
1 -68.2509 59.0966 -63.2415 78.5972 -46.4561 70.1904 -82.0005 79.3212
1 93.3147 83.9705 93.0232 91.2767 88.081 87.8231 98.2248 88.2278
0 79.3034 87.7075 81.6447 88.9609 86.9136 85.0932 81.3475 95.4903
0 81.22 83.964 79.3034 87.7075 76.9753 80.0049 86.9136 85.0932
0 55.1508 83.457 55.7246 87.1076 64.1788 86.7717 47.5752 89.3818
1 81.6447 88.9609 93.3147 83.9705 86.9136 85.0932 88.081 87.8231
1 19.3558 82.4015 20.633 89.0479 23.0477 84.5125 16.7093 85.7305
1 11.0699 85.1057 20.633 89.0479 16.7093 85.7305 15.5114 88.6365
1 58.1893 75.9372 55.1508 83.457 46.3543 79.5694 64.1788 86.7717
1 42.1382 85.0761 55.1508 83.457 46.3543 79.5694 47.5752 89.3818
1 -11.811 69.0849 11.0457 69.3148 5.71619 53.6971 5.40314 84.8221
0 -12.5 64.9912 -11.811 69.0849 5.71619 53.6971 -33.4095 60.282
1 40.6394 83.4573 42.1382 85.0761 46.3543 79.5694 36.3238 88.8566
0 31.0141 82.6837 30.9744 82.7464 23.1664 80.5132 36.3238 88.8566
1 19.3558 82.4015 30.9744 82.7464 23.1664 80.5132 23.0477 84.5125
1 31.0141 82.6837 40.6394 83.4573 37.2415 77.4381 36.3238 88.8566
1 28.0724 69.2192 31.0141 82.6837 37.2415 77.4381 23.1664 80.5132
0 12.017 73.3187 11.0699 85.1057 5.40314 84.8221 16.7093 85.7305
0 93.4801 83.3735 93.3147 83.9705 86.9136 85.0932 98.2248 88.2278
1 42.8193 74.1363 40.6394 83.4573 37.2415 77.4381 46.3543 79.5694
1 91.3926 80.7348 93.4801 83.3735 96.6647 77.3789 86.9136 85.0932
1 81.22 83.964 91.3925 80.7348 85.2198 79.7576 86.9136 85.0932
1 80.7745 69.1131 81.22 83.964 85.2198 79.7576 76.9753 80.0049
1 58.1893 75.9372 67.7078 77.9623 68.0705 68.4793 64.1788 86.7717
1 56.0609 71.7696 58.1893 75.9372 68.0705 68.4793 46.3543 79.5694
1 67.7078 77.9623 79.8281 68.5981 68.0705 68.4793 76.9753 80.0049
1 90.0062 74.0644 91.3925 80.7348 96.6647 77.3789 85.2198 79.7576
0 12.017 73.3187 19.3558 82.4015 23.1664 80.5132 16.7093 85.7305
0 11.0457 69.3148 12.017 73.3187 23.1664 80.5132 5.40314 84.8221
1 -0.921944 42.8787 -12.5 64.9912 -13.5949 43.5859 5.71619 53.6971
1 -43.6557 28.0161 -12.5 64.9912 -13.5949 43.5859 -33.4095 60.282
1 11.0457 69.3148 16.9916 65.4456 5.71619 53.6971 23.1664 80.5132
1 56.3445 61.6009 56.0609 71.7696 44.2534 67.8151 68.0705 68.4793
1 42.8193 74.1363 56.0609 71.7696 44.2534 67.8151 46.3543 79.5694
1 -68.2509 59.0966 -54.0843 46.6027 -76.5335 36.0861 -46.4561 70.1904
1 16.9916 65.4456 28.0724 69.2192 31.0792 57.2784 23.1664 80.5132
1 20.5536 40.2201 16.9916 65.4456 5.71619 53.6971 31.0792 57.2784
0 28.0724 69.2192 33.7073 67.4967 31.0792 57.2784 37.2415 77.4381
1 90.0062 74.0644 100 70.5455 93.1191 67.3092 96.6647 77.3789
1 82.5842 69.3546 90.0062 74.0644 93.1191 67.3092 85.2198 79.7576
0 80.7745 69.1131 82.5842 69.3546 87.8563 60.0073 85.2198 79.7576
0 79.8281 68.5981 80.7745 69.1131 87.8563 60.0073 76.9753 80.0049
1 33.7073 67.4967 42.8193 74.1363 44.2534 67.8151 37.2415 77.4381
1 88.3792 65.1779 100 67.9334 93.5714 65.4017 93.1191 67.3092
1 77.4697 63.0904 79.8281 68.5981 87.8563 60.0073 68.0705 68.4793
0 82.5842 69.3546 88.3792 65.1779 87.8563 60.0073 93.1191 67.3092
0 35.4952 65.2614 33.7073 67.4967 31.0792 57.2784 44.2534 67.8151
1 62.5001 52.9166 56.3445 61.6009 45.9709 52.8145 68.0705 68.4793
0 56.1059 61.5735 56.3445 61.6009 45.9709 52.8145 44.2534 67.8151
0 45.9011 56.9962 56.1059 61.5735 45.9709 52.8145 42.8245 59.8292
1 35.4952 65.2614 56.1059 61.5735 42.8245 59.8292 44.2534 67.8151
0 36.8687 58.9368 35.4952 65.2614 31.0792 57.2784 42.8245 59.8292
1 77.4697 63.0904 89.0586 51.5347 80.5826 52.7127 87.8563 60.0073
1 64.6294 52.9005 77.4697 63.0904 80.5826 52.7127 68.0705 68.4793
0 -43.6557 28.0161 -54.0843 46.6027 -76.5335 36.0861 -33.4095 60.282
1 99.171 53.7447 88.3792 65.1779 87.8563 60.0073 93.5714 65.4017
0 62.5001 52.9166 64.6294 52.9005 67.835 37.2716 68.0705 68.4793
1 51.5098 37.4565 62.5001 52.9166 67.835 37.2716 45.9709 52.8145
1 64.6294 52.9005 77.3514 42.3977 67.835 37.2716 80.5826 52.7127
1 89.0586 51.5347 99.171 53.7447 91.5003 43.3331 87.8563 60.0073
1 36.8687 58.9368 45.9011 56.9962 41.9324 55.6769 42.8245 59.8292
1 34.4893 42.8123 36.8687 58.9368 41.9324 55.6769 31.0792 57.2784
0 -43.3335 25.3116 -43.6557 28.0161 -76.5335 36.0861 -13.5949 43.5859
1 35.7208 42.6329 45.9011 56.9962 45.9709 52.8145 41.9324 55.6769
0 21.1069 39.6314 20.5536 40.2201 2.87766 30.7681 31.0792 57.2784
1 -0.921946 42.8787 20.5536 40.2201 2.87766 30.7681 5.71619 53.6971
1 -43.3335 25.3116 -4.55736 38.2067 -8.5735 28.4865 -13.5949 43.5859
0 -45.6491 4.60398 -43.3335 25.3116 -8.5735 28.4865 -76.5335 36.0861
1 81.7044 42.9746 89.0586 51.5347 91.5003 43.3331 80.5826 52.7127
0 21.1069 39.6314 34.4893 42.8123 37.9531 28.3589 31.0792 57.2784
0 20.4921 30.6807 21.1069 39.6314 37.9531 28.3589 2.87766 30.7681
1 88.9765 -14.6559 100 -10.3608 98.9524 -25.5362 88.9614 0.105422
0 92.1644 12.7557 100 11.6558 88.9614 0.105422 92.5679 25.7989
0 34.4893 42.8123 35.7208 42.6329 37.9531 28.3589 41.9324 55.6769
1 35.7208 42.6329 51.5097 37.4565 37.9531 28.3589 45.9709 52.8145
0 -4.55736 38.2067 -0.921947 42.8787 2.87766 30.7681 -13.5949 43.5859
1 56.6652 20.1716 51.5097 37.4565 37.9531 28.3589 67.835 37.2716
0 77.3514 42.3977 81.7043 42.9746 83.158 33.2805 80.5826 52.7127
1 73.89 29.108 77.3514 42.3977 83.158 33.2805 67.835 37.2716
1 81.7043 42.9746 91.8503 34.5548 83.158 33.2805 91.5003 43.3331
1 1.01881 10.2207 -4.55736 38.2067 -8.5735 28.4865 2.87766 30.7681
1 -37.9205 -5.60993 -45.6491 4.60398 -78.7102 -24.584 -8.5735 28.4865
0 20.4921 30.6807 27.8089 23.9349 24.2217 13.4654 37.9531 28.3589
1 5.97153 12.7685 20.4921 30.6807 24.2217 13.4654 2.87766 30.7681
1 86.2197 27.473 91.8503 34.5548 92.5679 25.7989 83.158 33.2805
0 58.2451 17.721 56.6652 20.1716 36.4792 17.0571 67.835 37.2716
1 27.8089 23.9349 56.6652 20.1716 36.4792 17.0571 37.9531 28.3589
0 58.2451 17.721 59.3716 17.8438 71.8233 0.69673 67.835 37.2716
0 57.0836 15.2118 58.2451 17.721 71.8233 0.69673 36.4792 17.0571
0 -37.9205 -5.60993 -8.09692 1.52151 3.67632 -22.7422 -8.5735 28.4865
1 -37.2876 -33.9206 -37.9205 -5.60993 -78.7102 -24.584 3.67632 -22.7422
1 73.89 29.108 86.2198 27.473 81.7502 22.6642 83.158 33.2805
0 64.2799 19.9533 73.89 29.108 81.7502 22.6642 67.835 37.2716
0 59.3716 17.8438 64.2799 19.9533 79.2917 10.6149 67.835 37.2716
0 59.3716 17.8438 72.2046 8.18057 71.8233 0.69673 79.2917 10.6149
1 64.2799 19.9533 89.9144 14.723 79.2917 10.6149 81.7502 22.6642
0 58.4475 10.2083 57.0836 15.2118 51.7487 -4.77533 71.8233 0.69673
1 37.8696 1.77364 57.0836 15.2118 51.7487 -4.77533 36.4792 17.0571
1 33.5819 4.23309 27.8089 23.9349 24.2217 13.4654 36.4792 17.0571
1 89.9144 14.723 86.2198 27.473 81.7502 22.6642 92.5679 25.7989
1 5.97153 12.7685 27.3599 4.31741 18.8163 -0.214819 24.2217 13.4654
0 1.01882 10.2207 5.97153 12.7685 18.8163 -0.214819 2.87766 30.7681
0 -8.09692 1.52151 1.01882 10.2207 18.8163 -0.214819 -8.5735 28.4865
0 -8.09692 1.52151 1.12906 -4.679 3.67632 -22.7422 18.8163 -0.214819
1 58.4475 10.2083 74.5141 -5.59001 68.1829 -3.00547 71.8233 0.69673
0 59.9459 -3.70526 58.4475 10.2083 51.7487 -4.77533 68.1829 -3.00547
0 89.9144 14.723 92.1644 12.7557 79.2917 10.6149 92.5679 25.7989
1 83.5169 4.79923 92.1644 12.7557 88.9614 0.105422 79.2917 10.6149
0 33.5819 4.23309 37.8696 1.77364 23.975 -4.74221 36.4792 17.0571
0 27.3599 4.31741 33.5819 4.23309 23.975 -4.74221 24.2217 13.4654
1 37.8554 -10.1876 37.8696 1.77364 51.7487 -4.77533 23.975 -4.74221
1 72.2046 8.18057 83.5169 4.79924 76.7932 2.25623 79.2917 10.6149
1 74.4703 0.960185 72.2046 8.18057 71.8233 0.69673 76.7932 2.25623
1 18.3204 -5.98257 27.3599 4.31741 23.975 -4.74221 18.8163 -0.214819
0 1.12906 -4.679 7.40935 -7.45126 9.74904 -20.7558 18.8163 -0.214819
0 6.54168 -21.2262 1.12906 -4.679 3.67632 -22.7422 9.74904 -20.7558
0 83.1685 2.8282 83.5169 4.79924 88.9614 0.105422 76.7932 2.25623
1 82.5112 -9.58946 83.1685 2.8282 88.9614 0.105422 77.1205 0.732177
1 74.4703 0.960186 83.1685 2.8282 77.1205 0.732177 76.7932 2.25623
0 -31.4749 -43.3743 -37.2876 -33.9206 -65.7508 -65.4302 3.67632 -22.7422
1 -81.3525 -47.9013 -37.2876 -33.9206 -65.7508 -65.4302 -78.7102 -24.584
0 7.40935 -7.45126 18.3204 -5.98257 20.3238 -11.4139 18.8163 -0.214819
1 23.2008 -25.3267 7.40935 -7.45126 9.74904 -20.7558 20.3238 -11.4139
0 37.8554 -10.1876 40.8574 -10.6208 49.6518 -19.3069 51.7487 -4.77533
1 36.109 -13.2663 37.8554 -10.1876 49.6518 -19.3069 23.975 -4.74221
1 59.9459 -3.70527 65.3031 -7.81635 61.4012 -11.8429 68.1829 -3.00547
1 55.7286 -9.46497 59.9459 -3.70526 61.4012 -11.8429 51.7487 -4.77533
1 74.5141 -5.59 74.4703 0.960185 71.8233 0.69673 77.1205 0.732177
0 82.7939 -9.96103 82.5112 -9.58946 71.4465 -13.2183 88.9614 0.105422
0 74.8904 -6.48989 82.5112 -9.58946 71.4465 -13.2183 77.1205 0.732177
0 82.7939 -9.96103 88.9765 -14.6559 74.7533 -18.6052 88.9614 0.105422
1 68.9636 -18.4508 82.7939 -9.96103 74.7533 -18.6052 71.4465 -13.2183
1 40.8574 -10.6208 55.7286 -9.46497 52.5211 -14.7132 51.7487 -4.77533
1 40.8574 -10.6208 54.345 -19.0454 49.6518 -19.3069 52.5211 -14.7132
1 36.109 -13.2663 47.5401 -23.2181 43.9569 -25.8483 49.6518 -19.3069
0 34.4682 -14.8198 36.109 -13.2663 43.9569 -25.8483 23.975 -4.74221
0 74.8904 -6.48989 74.5141 -5.59 68.1829 -3.00547 77.1205 0.732177
0 70.406 -7.92294 74.8904 -6.48989 71.4465 -13.2183 68.1829 -3.00547
1 86.5278 -23.2056 88.9765 -14.6559 98.9524 -25.5362 74.7533 -18.6052
1 18.3204 -5.98257 34.4682 -14.8198 20.3238 -11.4139 23.975 -4.74221
1 29.174 -23.4878 34.4682 -14.8198 43.9569 -25.8483 20.3238 -11.4139
1 65.3031 -7.81636 70.406 -7.92294 67.9795 -12.7433 68.1829 -3.00547
1 64.1357 -16.3453 65.3031 -7.81636 67.9795 -12.7433 61.4012 -11.8429
1 68.9636 -18.4508 70.406 -7.92294 71.4465 -13.2183 67.9795 -12.7433
0 -31.4749 -43.3743 -30.2688 -43.1494 8.7503 -49.949 3.67632 -22.7422
1 -25.1671 -73.7301 -31.4749 -43.3743 -65.7508 -65.4302 8.7503 -49.949
1 57.4917 -14.9194 55.7286 -9.46497 52.5211 -14.7132 61.4012 -11.8429
1 -30.2688 -43.1494 6.54168 -21.2262 3.84387 -23.0235 3.67632 -22.7422
1 -30.2688 -43.1494 9.22875 -35.9521 8.7503 -49.949 3.84387 -23.0235
0 29.174 -23.4878 39.3578 -31.0303 35.7417 -36.9403 43.9569 -25.8483
1 26.6223 -25.029 29.174 -23.4878 35.7417 -36.9403 20.3238 -11.4139
1 57.4917 -14.9194 62.6355 -16.4963 59.0053 -19.6585 61.4012 -11.8429
1 54.345 -19.0454 57.4917 -14.9194 59.0053 -19.6585 52.5211 -14.7132
0 27.1565 -27.7075 26.6224 -25.029 22.7699 -39.5273 35.7417 -36.9403
0 23.2008 -25.3267 26.6223 -25.029 22.7699 -39.5273 20.3238 -11.4139
1 89.2523 -33.4298 86.5278 -23.2056 76.9105 -31.4099 98.9524 -25.5362
1 70.6978 -25.8725 86.5278 -23.2056 76.9105 -31.4099 74.7533 -18.6052
1 64.1357 -16.3453 68.3744 -19.1317 62.3532 -21.3023 67.9795 -12.7433
0 62.6355 -16.4963 64.1357 -16.3453 62.3532 -21.3023 61.4012 -11.8429
1 11.2893 -33.5891 23.2008 -25.3267 22.7699 -39.5273 9.74904 -20.7558
1 58.159 -25.613 62.6355 -16.4963 62.3532 -21.3023 59.0053 -19.6585
0 68.3744 -19.1317 68.9636 -18.4508 74.7533 -18.6052 67.9795 -12.7433
1 69.5668 -24.6134 68.3744 -19.1317 62.3532 -21.3023 74.7533 -18.6052
1 54.207 -22.7152 54.345 -19.0454 59.0053 -19.6585 49.6518 -19.3069
1 33.7578 -40.8983 27.1565 -27.7075 29.4004 -40.1137 35.7417 -36.9403
1 25.6854 -44.3403 27.1565 -27.7075 29.4004 -40.1137 22.7699 -39.5273
0 70.6978 -25.8725 69.5668 -24.6134 63.039 -29.1286 74.7533 -18.6052
1 58.159 -25.613 69.5668 -24.6134 63.039 -29.1286 62.3532 -21.3023
1 56.9628 -26.1225 54.207 -22.7152 50.2146 -26.7683 59.0053 -19.6585
1 47.5401 -23.2181 54.207 -22.7152 50.2146 -26.7683 49.6518 -19.3069
1 67.3749 -46.0772 70.6978 -25.8725 76.9105 -31.4099 63.039 -29.1286
1 11.2893 -33.5891 6.54168 -21.2262 3.84387 -23.0235 9.74904 -20.7558
1 46.9105 -27.5001 47.54 -23.2181 50.2146 -26.7683 43.9569 -25.8483
0 56.9628 -26.1225 58.159 -25.613 63.039 -29.1286 59.0053 -19.6585
1 55.2263 -35.5576 56.9628 -26.1225 63.039 -29.1286 50.2146 -26.7683
0 9.22875 -35.9521 11.2893 -33.5891 22.7699 -39.5273 3.84387 -23.0235
0 89.2523 -33.4298 91.9206 -34.3595 91.9475 -45.6419 98.9524 -25.5362
1 72.9398 -50.665 89.2523 -33.4298 91.9475 -45.6419 76.9105 -31.4099
0 11.8845 -39.5246 9.22875 -35.9521 8.7503 -49.949 22.7699 -39.5273
1 100 -54.5554 91.9206 -34.3594 91.9475 -45.6419 99.6829 -42.5474
1 39.3578 -31.0303 46.9105 -27.5001 46.2833 -30.8256 43.9569 -25.8483
1 44.6256 -40.1118 39.3578 -31.0303 35.7417 -36.9403 46.2833 -30.8256
1 46.9105 -27.5001 55.2263 -35.5576 46.2833 -30.8256 50.2146 -26.7683
1 -66.5319 -100 -81.3525 -47.9013 -85.3919 -71.0175 -65.7508 -65.4302
0 55.9644 -42.8456 55.2263 -35.5576 46.2833 -30.8256 63.039 -29.1286
1 55.9644 -42.8456 67.3749 -46.0772 54.7955 -58.2352 63.039 -29.1286
0 50.6418 -44.4986 55.9644 -42.8456 54.7955 -58.2352 46.2833 -30.8256
0 67.3749 -46.0772 72.9398 -50.665 54.7955 -58.2352 76.9105 -31.4099
1 11.8845 -39.5246 25.6854 -44.3403 20.4085 -46.2946 22.7699 -39.5273
1 16.941 -55.6558 11.8845 -39.5246 8.7503 -49.949 20.4085 -46.2946
1 44.3882 -52.9417 50.6418 -44.4986 54.7955 -58.2352 36.2909 -44.5294
0 44.6256 -40.1118 50.6418 -44.4986 36.2909 -44.5294 46.2833 -30.8256
1 33.7577 -40.8983 44.6256 -40.1118 36.2909 -44.5294 35.7417 -36.9403
1 73.3877 -51.9863 72.9398 -50.665 54.7955 -58.2352 91.9475 -45.6419
0 -25.1671 -73.7301 -16.4997 -74.0136 7.12421 -99.6763 8.7503 -49.949
1 -37.512 -100 -25.1671 -73.7301 7.12421 -99.6763 -65.7508 -65.4302
1 73.3877 -51.9863 86.7176 -62.7028 71.1786 -71.4757 91.9475 -45.6419
0 63.314 -64.4509 73.3877 -51.9863 71.1786 -71.4757 54.7955 -58.2352
1 28.7215 -48.7572 33.7577 -40.8983 36.2909 -44.5294 29.4004 -40.1137
0 28.7215 -48.7572 25.6854 -44.3403 20.4085 -46.2946 29.4004 -40.1137
0 -16.4997 -74.0136 8.30992 -68.2191 16.7975 -84.4039 8.7503 -49.949
1 -16.4997 -74.0136 20.7387 -97.5998 7.12421 -99.6763 16.7975 -84.4039
0 28.7318 -48.8496 28.7215 -48.7572 20.4085 -46.2946 36.2909 -44.5294
1 28.7318 -48.8496 34.6098 -52.4436 28.3313 -57.5469 36.2909 -44.5294
1 20.8423 -54.4046 28.7318 -48.8496 28.3313 -57.5469 20.4085 -46.2946
1 45.9036 -61.2884 44.3882 -52.9417 36.5058 -61.5557 54.7955 -58.2352
1 36.2592 -53.0443 44.3882 -52.9417 36.5058 -61.5557 36.2909 -44.5294
1 77.2982 -98.7527 100 -70.6623 92.9393 -84.7373 87.7198 -80.519
1 100 -63.5176 100 -63.5176 87.7198 -80.519 99.6829 -42.5474
1 86.7176 -62.7028 100 -64.3128 87.7198 -80.519 91.9475 -45.6419
0 34.6098 -52.4436 36.2592 -53.0443 30.8083 -59.5858 36.2909 -44.5294
1 28.0169 -60.4529 34.6098 -52.4436 30.8083 -59.5858 28.3313 -57.5469
1 31.3986 -67.103 36.2592 -53.0443 36.5058 -61.5557 30.8083 -59.5858
1 72.8559 -88.0572 86.7176 -62.7028 87.7198 -80.519 71.1786 -71.4757
0 16.941 -55.6558 20.8423 -54.4046 25.206 -61.2543 20.4085 -46.2946
0 8.30991 -68.2191 16.941 -55.6558 25.206 -61.2543 8.7503 -49.949
1 20.8423 -54.4046 28.0169 -60.4529 25.206 -61.2543 28.3313 -57.5469
1 8.30992 -68.2191 24.8599 -74.2304 16.7975 -84.4039 25.206 -61.2543
1 45.9036 -61.2884 63.314 -64.4509 53.1538 -67.2738 54.7955 -58.2352
1 44.3731 -65.7443 45.9035 -61.2884 53.1538 -67.2738 36.5058 -61.5557
1 59.7893 -79.5707 63.314 -64.4509 71.1786 -71.4757 53.1538 -67.2738
1 47.3383 -76.7698 44.3731 -65.7443 37.5442 -71.4719 53.1538 -67.2738
1 31.3986 -67.103 44.3731 -65.7443 37.5442 -71.4719 36.5058 -61.5557
0 30.1998 -67.7824 28.0169 -60.4529 25.206 -61.2543 30.8083 -59.5858
0 30.1998 -67.7824 31.3986 -67.103 37.5442 -71.4719 30.8083 -59.5858
0 24.8599 -74.2304 30.1998 -67.7824 37.5442 -71.4719 25.206 -61.2543
1 27.3561 -78.2351 24.8599 -74.2304 16.7975 -84.4039 37.5442 -71.4719
1 59.7893 -79.5707 72.8559 -88.0571 57.0253 -93.2676 71.1786 -71.4757
1 51.7292 -80.7712 59.7893 -79.5707 57.0253 -93.2676 53.1538 -67.2738
0 47.3383 -76.7697 51.7292 -80.7711 38.4218 -83.4397 53.1538 -67.2738
1 27.3561 -78.2351 47.3383 -76.7698 38.4218 -83.4397 37.5442 -71.4719
0 27.4299 -79.8894 27.3561 -78.2351 16.7975 -84.4039 38.4218 -83.4397
1 44.373 -94.6959 51.7292 -80.7712 57.0253 -93.2676 38.4218 -83.4397
1 27.4299 -79.8894 44.373 -94.6959 32.4209 -90.3065 38.4218 -83.4397
1 20.7387 -97.5998 27.4299 -79.8894 32.4209 -90.3065 16.7975 -84.4039
0 77.2982 -98.7527 72.8559 -88.0572 57.0253 -93.2676 87.7198 -80.519
0 43.7347 -100 44.373 -94.6959 57.0253 -93.2676 32.4209 -90.3065
0 21.6277 -100 20.7387 -97.5998 7.12421 -99.6763 32.4209 -90.3065
