1 -85 -100 -85 -40.3125 -90 -60 -80 -60
1 -75 -100 -75 -40.3125 -80 -60 -70 -60
1 -65 -100 -65 -40.3125 -70 -60 -60 -60
1 -55 -100 -55 -40.3125 -60 -60 -50 -60
1 -45 -100 -45 -40.3125 -50 -60 -40 -60
1 -35 -100 -35 -40.3125 -40 -60 -30 -60
1 -25 -100 -25 -40.3125 -30 -60 -20 -60
1 -15 -100 -15 -40.3125 -20 -60 -10 -60
1 -5 -100 -5 -40.3125 -10 -60 0 -60
1 5 -100 5 -40.3125 0 -60 10 -60
1 15 -100 15 -40.3125 10 -60 20 -60
1 25 -100 25 -40.3125 20 -60 30 -60
1 35 -100 35 -40.3125 30 -60 40 -60
1 45 -100 45 -40.3125 40 -60 50 -60
1 55 -100 55 -40.3125 50 -60 60 -60
1 65 -100 65 -40.3125 60 -60 70 -60
1 75 -100 75 -40.3125 70 -60 80 -60
1 85 -100 85 -40.3125 80 -60 90 -60
1 90 -39.6875 100 -40.9375 90 -60 95 -20
1 100 20 100 20 95 -20 95 60
1 90 40.3125 90 100 85 60 95 60
1 80 40.3125 80 100 75 60 85 60
1 70 40.3125 70 100 65 60 75 60
1 60 40.3125 60 100 55 60 65 60
1 50 40.3125 50 100 45 60 55 60
1 40 40.3125 40 100 35 60 45 60
1 30 40.3125 30 100 25 60 35 60
1 20 40.3125 20 100 15 60 25 60
1 10 40.3125 10 100 5 60 15 60
1 0 40.3125 0 100 -5 60 5 60
1 -10 40.3125 -10 100 -15 60 -5 60
1 -20 40.3125 -20 100 -25 60 -15 60
1 -30 40.3125 -30 100 -35 60 -25 60
1 -40 40.3125 -40 100 -45 60 -35 60
1 -50 40.3125 -50 100 -55 60 -45 60
1 -60 40.3125 -60 100 -65 60 -55 60
1 -70 40.3125 -70 100 -75 60 -65 60
1 -80 40.3125 -80 100 -85 60 -75 60
1 -90 40.3125 -90 100 -95 60 -85 60
1 -100 20 -100 20 -95 -20 -95 60
1 -100 -40.9375 -90 -39.6875 -90 -60 -95 -20
1 90 -0.3125 100 0.9375 95 -20 90 20
1 90 40.3125 100 39.0625 90 20 95 60
1 -100 39.0625 -90 40.3125 -90 20 -95 60
1 -100 0.9375 -90 -0.3125 -95 -20 -90 20
1 85 39.6875 90 40.3125 90 20 85 60
1 80 40.3125 85 39.6875 80 20 85 60
1 75 39.6875 80 40.3125 80 20 75 60
1 70 40.3125 75 39.6875 70 20 75 60
1 65 39.6875 70 40.3125 70 20 65 60
1 60 40.3125 65 39.6875 60 20 65 60
1 55 39.6875 60 40.3125 60 20 55 60
1 50 40.3125 55 39.6875 50 20 55 60
1 45 39.6875 50 40.3125 50 20 45 60
1 40 40.3125 45 39.6875 40 20 45 60
1 35 39.6875 40 40.3125 40 20 35 60
1 30 40.3125 35 39.6875 30 20 35 60
1 25 39.6875 30 40.3125 30 20 25 60
1 20 40.3125 25 39.6875 20 20 25 60
1 15 39.6875 20 40.3125 20 20 15 60
1 10 40.3125 15 39.6875 10 20 15 60
1 5 39.6875 10 40.3125 10 20 5 60
1 -0 40.3125 5 39.6875 0 20 5 60
1 -5 39.6875 -0 40.3125 0 20 -5 60
1 -10 40.3125 -5 39.6875 -10 20 -5 60
1 -15 39.6875 -10 40.3125 -10 20 -15 60
1 -20 40.3125 -15 39.6875 -20 20 -15 60
1 -25 39.6875 -20 40.3125 -20 20 -25 60
1 -30 40.3125 -25 39.6875 -30 20 -25 60
1 -35 39.6875 -30 40.3125 -30 20 -35 60
1 -40 40.3125 -35 39.6875 -40 20 -35 60
1 -45 39.6875 -40 40.3125 -40 20 -45 60
1 -50 40.3125 -45 39.6875 -50 20 -45 60
1 -55 39.6875 -50 40.3125 -50 20 -55 60
1 -60 40.3125 -55 39.6875 -60 20 -55 60
1 -65 39.6875 -60 40.3125 -60 20 -65 60
1 -70 40.3125 -65 39.6875 -70 20 -65 60
1 -75 39.6875 -70 40.3125 -70 20 -75 60
1 -80 40.3125 -75 39.6875 -80 20 -75 60
1 -85 39.6875 -80 40.3125 -80 20 -85 60
1 -90 40.3125 -85 39.6875 -90 20 -85 60
1 85 0.3125 85 39.6875 80 20 90 20
1 75 0.3125 75 39.6875 70 20 80 20
1 65 0.3125 65 39.6875 60 20 70 20
1 55 0.3125 55 39.6875 50 20 60 20
1 45 0.3125 45 39.6875 40 20 50 20
1 35 0.3125 35 39.6875 30 20 40 20
1 25 0.3125 25 39.6875 20 20 30 20
1 15 0.3125 15 39.6875 10 20 20 20
1 5 0.3125 5 39.6875 0 20 10 20
1 -5 0.3125 -5 39.6875 -10 20 0 20
1 -15 0.3125 -15 39.6875 -20 20 -10 20
1 -25 0.3125 -25 39.6875 -30 20 -20 20
1 -35 0.3125 -35 39.6875 -40 20 -30 20
1 -45 0.3125 -45 39.6875 -50 20 -40 20
1 -55 0.3125 -55 39.6875 -60 20 -50 20
1 -65 0.3125 -65 39.6875 -70 20 -60 20
1 -75 0.3125 -75 39.6875 -80 20 -70 20
1 -85 0.3125 -85 39.6875 -90 20 -80 20
1 85 0.3125 90 -0.3125 85 -20 90 20
1 80 -0.3125 85 0.3125 85 -20 80 20
1 75 0.3125 80 -0.3125 75 -20 80 20
1 70 -0.3125 75 0.3125 75 -20 70 20
1 65 0.3125 70 -0.3125 65 -20 70 20
1 60 -0.3125 65 0.3125 65 -20 60 20
1 55 0.3125 60 -0.3125 55 -20 60 20
1 50 -0.3125 55 0.3125 55 -20 50 20
1 45 0.3125 50 -0.3125 45 -20 50 20
1 40 -0.3125 45 0.3125 45 -20 40 20
1 35 0.3125 40 -0.3125 35 -20 40 20
1 30 -0.3125 35 0.3125 35 -20 30 20
1 25 0.3125 30 -0.3125 25 -20 30 20
1 20 -0.3125 25 0.3125 25 -20 20 20
1 15 0.3125 20 -0.3125 15 -20 20 20
1 10 -0.3125 15 0.3125 15 -20 10 20
1 5 0.3125 10 -0.3125 5 -20 10 20
1 0 -0.3125 5 0.3125 5 -20 0 20
1 -5 0.3125 0 -0.3125 -5 -20 0 20
1 -10 -0.3125 -5 0.3125 -5 -20 -10 20
1 -15 0.3125 -10 -0.3125 -15 -20 -10 20
1 -20 -0.3125 -15 0.3125 -15 -20 -20 20
1 -25 0.3125 -20 -0.3125 -25 -20 -20 20
1 -30 -0.3125 -25 0.3125 -25 -20 -30 20
1 -35 0.3125 -30 -0.3125 -35 -20 -30 20
1 -40 -0.3125 -35 0.3125 -35 -20 -40 20
1 -45 0.3125 -40 -0.3125 -45 -20 -40 20
1 -50 -0.3125 -45 0.3125 -45 -20 -50 20
1 -55 0.3125 -50 -0.3125 -55 -20 -50 20
1 -60 -0.3125 -55 0.3125 -55 -20 -60 20
1 -65 0.3125 -60 -0.3125 -65 -20 -60 20
1 -70 -0.3125 -65 0.3125 -65 -20 -70 20
1 -75 0.3125 -70 -0.3125 -75 -20 -70 20
1 -80 -0.3125 -75 0.3125 -75 -20 -80 20
1 -85 0.3125 -80 -0.3125 -85 -20 -80 20
1 -90 -0.3125 -85 0.3125 -85 -20 -90 20
1 90 -39.6875 90 -0.3125 85 -20 95 -20
1 80 -39.6875 80 -0.3125 75 -20 85 -20
1 70 -39.6875 70 -0.3125 65 -20 75 -20
1 60 -39.6875 60 -0.3125 55 -20 65 -20
1 50 -39.6875 50 -0.3125 45 -20 55 -20
1 40 -39.6875 40 -0.3125 35 -20 45 -20
1 30 -39.6875 30 -0.3125 25 -20 35 -20
1 20 -39.6875 20 -0.3125 15 -20 25 -20
1 10 -39.6875 10 -0.3125 5 -20 15 -20
1 0 -39.6875 0 -0.3125 -5 -20 5 -20
1 -10 -39.6875 -10 -0.3125 -15 -20 -5 -20
1 -20 -39.6875 -20 -0.3125 -25 -20 -15 -20
1 -30 -39.6875 -30 -0.3125 -35 -20 -25 -20
1 -40 -39.6875 -40 -0.3125 -45 -20 -35 -20
1 -50 -39.6875 -50 -0.3125 -55 -20 -45 -20
1 -60 -39.6875 -60 -0.3125 -65 -20 -55 -20
1 -70 -39.6875 -70 -0.3125 -75 -20 -65 -20
1 -80 -39.6875 -80 -0.3125 -85 -20 -75 -20
1 -90 -39.6875 -90 -0.3125 -95 -20 -85 -20
1 85 -40.3125 90 -39.6875 90 -60 85 -20
1 80 -39.6875 85 -40.3125 80 -60 85 -20
1 75 -40.3125 80 -39.6875 80 -60 75 -20
1 70 -39.6875 75 -40.3125 70 -60 75 -20
1 65 -40.3125 70 -39.6875 70 -60 65 -20
1 60 -39.6875 65 -40.3125 60 -60 65 -20
1 55 -40.3125 60 -39.6875 60 -60 55 -20
1 50 -39.6875 55 -40.3125 50 -60 55 -20
1 45 -40.3125 50 -39.6875 50 -60 45 -20
1 40 -39.6875 45 -40.3125 40 -60 45 -20
1 35 -40.3125 40 -39.6875 40 -60 35 -20
1 30 -39.6875 35 -40.3125 30 -60 35 -20
1 25 -40.3125 30 -39.6875 30 -60 25 -20
1 20 -39.6875 25 -40.3125 20 -60 25 -20
1 15 -40.3125 20 -39.6875 20 -60 15 -20
1 10 -39.6875 15 -40.3125 10 -60 15 -20
1 5 -40.3125 10 -39.6875 10 -60 5 -20
1 -0 -39.6875 5 -40.3125 0 -60 5 -20
1 -5 -40.3125 -0 -39.6875 0 -60 -5 -20
1 -10 -39.6875 -5 -40.3125 -10 -60 -5 -20
1 -15 -40.3125 -10 -39.6875 -10 -60 -15 -20
1 -20 -39.6875 -15 -40.3125 -20 -60 -15 -20
1 -25 -40.3125 -20 -39.6875 -20 -60 -25 -20
1 -30 -39.6875 -25 -40.3125 -30 -60 -25 -20
1 -35 -40.3125 -30 -39.6875 -30 -60 -35 -20
1 -40 -39.6875 -35 -40.3125 -40 -60 -35 -20
1 -45 -40.3125 -40 -39.6875 -40 -60 -45 -20
1 -50 -39.6875 -45 -40.3125 -50 -60 -45 -20
1 -55 -40.3125 -50 -39.6875 -50 -60 -55 -20
1 -60 -39.6875 -55 -40.3125 -60 -60 -55 -20
1 -65 -40.3125 -60 -39.6875 -60 -60 -65 -20
1 -70 -39.6875 -65 -40.3125 -70 -60 -65 -20
1 -75 -40.3125 -70 -39.6875 -70 -60 -75 -20
1 -80 -39.6875 -75 -40.3125 -80 -60 -75 -20
1 -85 -40.3125 -80 -39.6875 -80 -60 -85 -20
1 -90 -39.6875 -85 -40.3125 -90 -60 -85 -20
