1 86.9045 -87.5136 100 -92.6353 91.6309 -99.6123 98.585 -81.8317
1 87.6911 -79.286 100 -80.7805 98.585 -81.8317 98.8777 -79.4213
1 100 -55.336 100 -55.336 98.8777 -79.4213 99.5795 -31.2282
1 100 23.9099 100 23.9099 99.5795 -31.2282 93.8543 78.706
1 86.6747 84.1955 100 85.294 93.8543 78.706 92.8584 90.7866
1 85.6114 100 85.6114 100 92.8584 90.7866 74.0832 97.8773
1 -7.10251 100 -7.10251 100 74.0832 97.8773 -88.302 98.496
1 -87.3028 92.041 -91.1792 100 -91.7689 96.8075 -88.302 98.496
1 -100 84.4357 -93.4614 82.5384 -99.6692 69.5796 -91.7689 96.8075
1 -100 21.9959 -100 21.9959 -98.0649 -25.5496 -99.6692 69.5796
1 -100 -47.4282 -100 -47.4282 -97.2631 -69.2211 -98.0649 -25.5496
1 -100 -88.3898 -84.17 -73.7297 -80.678 -87.1297 -97.2631 -69.2211
1 -66.5105 -100 -66.5105 -100 -47.449 -98.2619 -80.678 -87.1297
1 22.0806 -100 22.0806 -100 91.6309 -99.6123 -47.449 -98.2619
1 21.298 100 21.298 100 -31.4158 96.5285 74.0832 97.8773
1 -59.7729 100 -59.7729 100 -31.4158 96.5285 -88.302 98.496
1 65.8137 84.2295 65.0466 100 56.2587 97.0103 74.0832 97.8773
1 12.4037 100 12.4037 100 -31.4158 96.5285 56.2587 97.0103
1 -100 27.6246 -100 27.6246 -97.9426 -14.2812 -99.6692 69.5796
1 -100 -19.8937 -83.0506 -20.0776 -98.0649 -25.5496 -97.9426 -14.2812
1 -100 -43.162 -100 -43.162 -97.225 -60.6617 -98.0649 -25.5496
1 -100 -64.9292 -96.2322 -64.9459 -97.2631 -69.2211 -97.225 -60.6617
0 41.4285 97.8415 41.1794 100 27.1772 93.6548 56.2587 97.0103
1 -1.87855 100 -1.87855 100 27.1772 93.6548 -31.4158 96.5285
1 22.8099 91.1841 22.199 100 18.1435 93.0288 27.1772 93.6548
1 -6.26741 100 -6.26741 100 18.1435 93.0288 -31.4158 96.5285
1 88.4614 -72.1771 100 -71.8423 98.8777 -79.4213 98.4402 -64.3411
1 100 -47.8187 100 -47.8187 98.4402 -64.3411 99.5795 -31.2282
1 -100 43.0786 -100 43.0786 -95.7419 16.9198 -99.6692 69.5796
1 -100 1.54206 -100 1.54206 -97.9426 -14.2812 -95.7419 16.9198
1 -56.4855 100 -56.4855 100 -81.0772 94.0175 -31.4158 96.5285
1 -87.3028 92.041 -82.3693 100 -81.0772 94.0175 -88.302 98.496
1 -34.9524 75.2479 -44.3871 100 -51.7567 88.7753 -31.4158 96.5285
1 -64.8787 100 -64.8787 100 -51.7567 88.7753 -81.0772 94.0175
0 7.29732 94.5251 5.85568 100 -1.40539 87.8812 18.1435 93.0288
1 -14.1644 100 -14.1644 100 -1.40539 87.8812 -31.4158 96.5285
1 100 -13.5892 100 -13.5892 99.5795 -31.2282 89.0016 0.207335
1 100 38.9268 100 38.9268 89.0016 0.207335 93.8543 78.706
1 -57.5181 100 -57.5181 100 -59.6871 87.5708 -51.7567 88.7753
1 -67.6076 100 -67.6076 100 -59.6871 87.5708 -81.0772 94.0175
1 -50.8253 78.9249 -55.8511 100 -54.4394 88.1355 -51.7567 88.7753
1 -56.153 79.394 -58.3703 100 -59.6871 87.5708 -54.4394 88.1355
1 -7.21538 83.1544 -9.14315 100 -13.943 86.4464 -1.40539 87.8812
1 -33.0733 73.4744 -17.7675 100 -13.943 86.4464 -31.4158 96.5285
0 -67.2697 92.1021 -66.2697 100 -59.6871 87.5708 -75.7423 89.6035
1 -82.7437 86.5724 -71.6339 100 -75.7423 89.6035 -81.0772 94.0175
1 100 26.0631 100 26.0631 89.0016 0.207335 83.7591 48.9916
0 89.8139 63.5066 100 60.046 83.7591 48.9916 93.8543 78.706
1 86.6747 84.1955 86.5655 100 80.4004 90.7006 92.8584 90.7866
1 65.8137 84.2295 83.7299 100 80.4004 90.7006 74.0832 97.8773
1 41.4285 97.8415 61.8137 81.0304 45.0684 83.4409 56.2587 97.0103
0 38.2958 92.3541 41.4285 97.8415 45.0684 83.4409 27.1772 93.6548
1 14.9257 84.2525 7.29732 94.5251 5.59381 83.7095 18.1435 93.0288
1 1.97867 85.6015 7.29733 94.5251 5.59381 83.7095 -1.40539 87.8812
1 34.1644 73.4162 38.2958 92.3541 45.0684 83.4409 28.4262 87.0714
0 29.2943 90.6463 38.2958 92.3541 28.4262 87.0714 27.1772 93.6548
1 -57.5144 79.0996 -67.2697 92.1021 -65.0399 83.5548 -59.6871 87.5708
0 -69.9935 87.2827 -67.2697 92.1021 -65.0399 83.5548 -75.7423 89.6035
0 65.7313 83.9143 65.8137 84.2295 80.4004 90.7006 56.2587 97.0103
1 65.7313 83.9143 82.6222 79.65 75.4213 70.9782 80.4004 90.7006
0 61.8137 81.0304 65.7313 83.9143 75.4213 70.9782 56.2587 97.0103
0 -88.9225 85.8339 -87.3028 92.041 -81.0772 94.0175 -91.7689 96.8075
1 56.9941 69.2923 61.8137 81.0304 75.4213 70.9782 45.0684 83.4409
0 -88.9225 85.8339 -82.7437 86.5724 -79.3695 79.7297 -81.0772 94.0175
0 -93.4614 82.5385 -88.9225 85.8339 -79.3695 79.7297 -91.7689 96.8075
1 -87.6862 70.9883 -93.4613 82.5385 -99.6692 69.5796 -79.3695 79.7297
0 -34.9524 75.2479 -33.0733 73.4744 -55.9931 70.4875 -31.4158 96.5285
0 -50.8253 78.9249 -34.9524 75.2479 -55.9931 70.4875 -51.7567 88.7753
0 -26.2062 55.3803 -33.0733 73.4744 -55.9931 70.4875 -13.943 86.4464
1 22.8099 91.1841 29.2943 90.6463 26.7105 88.0277 27.1772 93.6548
0 22.7587 91.0965 22.8099 91.1841 26.7105 88.0277 18.1435 93.0288
1 26.4485 85.5404 22.7587 91.0965 24.0544 86.2638 26.7105 88.0277
1 14.9257 84.2525 22.7587 91.0965 24.0544 86.2638 18.1435 93.0288
1 26.4485 85.5404 29.2943 90.6463 28.4262 87.0714 26.7105 88.0277
0 -82.7437 86.5724 -79.7113 85.4584 -79.3695 79.7297 -75.7423 89.6035
0 16.1683 75.2714 14.9257 84.2525 5.59381 83.7095 24.0544 86.2638
1 -68.3244 76.3239 -69.9935 87.2827 -73.6127 82.2492 -65.0399 83.5548
0 -74.5008 85.9775 -69.9935 87.2827 -73.6127 82.2492 -75.7423 89.6035
0 82.6222 79.65 86.6747 84.1955 93.8543 78.706 80.4004 90.7006
1 -79.7113 85.4584 -74.5008 85.9775 -75.0025 82.1779 -75.7423 89.6035
1 -74.97 77.001 -79.7113 85.4584 -79.3695 79.7297 -75.0025 82.1779
1 88.9586 64.5356 82.6222 79.65 75.4213 70.9782 93.8543 78.706
0 -7.21538 83.1544 -2.32453 83.0404 -1.63183 78.1621 -1.40539 87.8812
1 -25.2492 56.3546 -7.21539 83.1544 -1.63183 78.1621 -13.943 86.4464
1 -74.037 76.9421 -74.5008 85.9775 -75.0025 82.1779 -73.6127 82.2492
1 8.61338 75.7392 1.97868 85.6015 2.3687 81.5399 5.59381 83.7095
1 -2.32453 83.0404 1.97867 85.6015 2.3687 81.5399 -1.40539 87.8812
1 -56.153 79.394 -50.8253 78.9249 -55.9931 70.4875 -54.4394 88.1355
0 17.3652 73.9844 16.1683 75.2714 4.63357 68.2022 24.0544 86.2638
0 8.61339 75.7392 16.1683 75.2714 4.63357 68.2022 5.59381 83.7095
0 -26.2062 55.3803 -25.2492 56.3546 4.63357 68.2022 -13.943 86.4464
0 -26.8674 37.837 -26.2062 55.3803 4.63357 68.2022 -55.9931 70.4875
1 -25.2492 56.3546 4.43875 75.0303 4.63357 68.2022 -1.63183 78.1621
0 -57.5144 79.0996 -56.153 79.394 -55.9931 70.4875 -59.6871 87.5708
1 34.1644 73.4162 49.4137 58.8642 24.6606 62.0553 45.0684 83.4409
0 28.5317 74.2641 34.1644 73.4162 24.6606 62.0553 28.4262 87.0714
0 28.5317 74.2641 26.4485 85.5404 24.0544 86.2638 28.4262 87.0714
1 4.43876 75.0303 -2.32453 83.0404 -1.63183 78.1621 2.3687 81.5399
1 17.3652 73.9844 28.5317 74.2641 24.6606 62.0553 24.0544 86.2638
0 15.0249 66.3597 17.3652 73.9844 24.6606 62.0553 4.63357 68.2022
1 -61.1743 76.5658 -57.5144 79.0996 -55.9931 70.4875 -65.0399 83.5548
1 56.9941 69.2923 88.9586 64.5356 74.132 62.3139 75.4213 70.9782
0 49.4137 58.8642 56.9941 69.2923 74.132 62.3139 45.0684 83.4409
1 -58.002 53.0612 -61.1743 76.5658 -64.5587 69.3315 -55.9931 70.4875
1 -68.3244 76.3239 -61.1743 76.5658 -64.5587 69.3315 -65.0399 83.5548
0 -68.8866 75.9299 -68.3244 76.3239 -64.5587 69.3315 -73.6127 82.2492
0 4.43875 75.0303 8.61339 75.7392 4.63357 68.2022 2.3687 81.5399
0 49.4202 57.6024 49.4137 58.8642 24.6606 62.0553 74.132 62.3139
1 -70.4448 69.1183 -68.8866 75.9298 -64.5587 69.3315 -75.6528 71.8692
0 -74.037 76.9421 -68.8866 75.9298 -75.6528 71.8692 -73.6127 82.2492
1 -100 52.2251 -100 52.2251 -88.5923 39.1425 -99.6692 69.5796
0 -100 30.5512 -96.4532 29.4101 -95.7419 16.9198 -88.5923 39.1425
1 -87.6862 70.9883 -74.97 77.001 -75.6528 71.8692 -79.3695 79.7297
1 -87.2194 66.0916 -87.6862 70.9883 -99.6692 69.5796 -75.6528 71.8692
1 49.4202 57.6024 76.8419 54.1327 72.1796 46.8842 74.132 62.3139
1 48.2676 53.9921 49.4202 57.6024 72.1796 46.8842 24.6606 62.0553
0 -74.97 77.001 -74.037 76.9421 -75.6528 71.8692 -75.0025 82.1779
1 -26.8674 37.837 15.0249 66.3597 12.9305 56.0162 4.63357 68.2022
0 -26.8786 37.7838 -26.8674 37.837 12.9305 56.0162 -55.9931 70.4875
1 -16.5047 17.1517 -26.8786 37.7838 -65.2559 16.7036 12.9305 56.0162
0 -41.2456 40.2581 -26.8786 37.7838 -65.2559 16.7036 -55.9931 70.4875
0 89.8139 63.5066 88.9586 64.5356 74.132 62.3139 93.8543 78.706
1 76.8419 54.1326 89.8139 63.5066 83.7591 48.9916 74.132 62.3139
1 -87.2193 66.0916 -70.4448 69.1183 -74.363 64.7207 -75.6528 71.8692
0 -88.2372 60.7905 -87.2193 66.0916 -74.363 64.7207 -99.6692 69.5796
1 48.2676 53.9921 81.1931 30.2249 62.5431 33.5345 72.1796 46.8842
1 36.2549 38.0363 48.2676 53.9921 62.5431 33.5345 24.6606 62.0553
0 17.8924 60.7901 15.0249 66.3597 12.9305 56.0162 24.6606 62.0553
0 -88.2372 60.7905 -81.8159 57.2244 -84.2404 46.9354 -74.363 64.7207
1 -100 52.7758 -88.2372 60.7905 -84.2404 46.9354 -99.6692 69.5796
1 -64.4753 56.4247 -70.4448 69.1183 -74.363 64.7207 -64.5587 69.3315
0 -68.5808 28.5912 -41.2456 40.2581 -65.2559 16.7036 -74.8644 39.216
0 -48.6605 44.7327 -41.2456 40.2581 -74.8644 39.216 -55.9931 70.4875
1 -76.8715 44.1026 -48.6605 44.7327 -74.8644 39.216 -75.0845 49.0739
0 -58.002 53.0612 -48.6605 44.7327 -75.0845 49.0739 -55.9931 70.4875
0 -64.4753 56.4247 -58.002 53.0612 -75.0845 49.0739 -64.5587 69.3315
1 -100 50.6247 -83.21 41.2484 -88.5923 39.1425 -84.2404 46.9354
1 -81.8159 57.2244 -64.4753 56.4247 -75.0845 49.0739 -74.363 64.7207
1 -78.8822 44.664 -81.8159 57.2244 -84.2404 46.9354 -75.0845 49.0739
1 36.2549 38.0363 17.8924 60.7901 15.2263 54.4417 24.6606 62.0553
1 -13.5493 14.9454 17.8924 60.7901 15.2263 54.4417 12.9305 56.0162
1 78.6502 -4.73133 100 13.3036 89.0016 0.207335 85.2496 4.64895
0 87.4807 26.9203 100 27.3412 85.2496 4.64895 83.7591 48.9916
1 -16.5047 17.1517 -13.5493 14.9454 -45.3996 -22.1161 12.9305 56.0162
1 -61.5011 -5.86388 -16.5047 17.1517 -45.3996 -22.1161 -65.2559 16.7036
0 18.24 -2.73463 36.2549 38.0363 62.5431 33.5345 15.2263 54.4417
0 -13.5493 14.9454 12.3958 -5.60048 -45.3996 -22.1161 15.2263 54.4417
1 84.2979 -32.1061 100 -23.63 99.5795 -31.2282 93.4171 -19.8123
1 73.3972 -13.7311 100 -7.86362 93.4171 -19.8123 89.0016 0.207335
1 81.193 30.2249 76.8419 54.1326 72.1796 46.8842 83.7591 48.9916
0 18.24 -2.73463 29.9109 -2.88408 61.5998 -40.1263 62.5431 33.5345
0 12.3958 -5.60046 18.24 -2.73463 61.5998 -40.1263 15.2263 54.4417
0 11.6442 -10.0656 12.3958 -5.60047 61.5998 -40.1263 -45.3996 -22.1161
0 -78.8822 44.664 -76.8715 44.1026 -77.9181 38.9246 -75.0845 49.0739
1 -83.21 41.2483 -78.8822 44.664 -77.9181 38.9246 -84.2404 46.9354
1 -76.15 36.5432 -76.8715 44.1026 -77.9181 38.9246 -74.8644 39.216
1 78.6502 -4.73133 87.4807 26.9203 85.2496 4.64895 77.86 6.71059
0 83.1616 27.5229 87.4807 26.9203 77.86 6.71059 83.7591 48.9916
0 83.1617 27.5229 81.1931 30.2249 62.5431 33.5345 83.7591 48.9916
1 29.9109 -2.88408 83.1616 27.5229 77.86 6.71059 62.5431 33.5345
1 47.992 -53.3862 11.6442 -10.0656 32.5699 -64.4837 61.5998 -40.1263
0 2.24408 -27.3647 11.6442 -10.0656 32.5699 -64.4837 -45.3996 -22.1161
1 -83.2664 38.4864 -83.21 41.2484 -77.9181 38.9246 -88.5923 39.1425
0 29.9109 -2.88408 68.8456 -16.4009 61.5998 -40.1263 77.86 6.71059
1 -83.2663 38.4864 -76.15 36.5432 -78.883 35.3909 -77.9181 38.9246
1 -86.1076 31.1332 -83.2664 38.4864 -78.883 35.3909 -88.5923 39.1425
1 -96.4532 29.4101 -86.1076 31.1332 -85.8622 22.751 -88.5923 39.1425
1 -88.9504 16.6981 -96.4532 29.4101 -95.7419 16.9198 -85.8622 22.751
1 -74.1495 24.5305 -68.5808 28.5912 -65.2559 16.7036 -78.883 35.3909
0 -68.5808 28.5912 -76.15 36.5432 -78.883 35.3909 -74.8644 39.216
1 -86.1076 31.1332 -74.1495 24.5304 -85.8622 22.751 -78.883 35.3909
1 -76.3113 17.1641 -74.1495 24.5304 -65.2559 16.7036 -85.8622 22.751
1 -61.5011 -5.86388 -76.3113 17.1641 -80.478 6.91369 -65.2559 16.7036
0 -80.5256 15.7314 -76.3113 17.1641 -80.478 6.91369 -85.8622 22.751
1 -89.4806 -3.46104 -80.5256 15.7314 -80.478 6.91369 -87.3136 10.1031
1 -88.9504 16.6981 -80.5256 15.7314 -87.3136 10.1031 -85.8622 22.751
1 -100 3.03625 -88.9504 16.6981 -87.3136 10.1031 -95.7419 16.9198
1 32.6776 -69.6585 2.24407 -27.3647 27.8052 -67.9123 32.5699 -64.4837
0 -0.0584469 -31.0453 2.24407 -27.3647 27.8052 -67.9123 -45.3996 -22.1161
1 -100 1.12435 -89.4806 -3.46104 -97.9426 -14.2812 -87.3136 10.1031
1 -67.243 -12.8022 -61.5011 -5.86388 -45.3996 -22.1161 -80.478 6.91369
0 -1.54337 -55.7222 -0.058446 -31.0453 27.8052 -67.9123 -32.1419 -64.305
0 -27.8465 -39.7776 -0.0584459 -31.0453 -32.1419 -64.305 -45.3996 -22.1161
1 -55.8992 -33.5703 -67.243 -12.8022 -71.2108 -36.2146 -45.3996 -22.1161
1 -75.8895 -14.6601 -67.243 -12.8022 -71.2108 -36.2146 -80.478 6.91369
1 -89.4806 -3.46104 -75.8895 -14.6601 -97.9426 -14.2812 -80.478 6.91369
0 68.8456 -16.4009 73.3972 -13.7311 93.4171 -19.8123 77.86 6.71059
0 75.8145 -27.316 68.8456 -16.4009 61.5998 -40.1263 93.4171 -19.8123
0 -78.0146 -17.2502 -75.8895 -14.6601 -71.2108 -36.2146 -97.9426 -14.2812
0 73.3972 -13.7311 78.6502 -4.73133 89.0016 0.207335 77.86 6.71059
1 -78.6318 -39.58 -78.0146 -17.2502 -71.2108 -36.2146 -85.8555 -35.8098
0 -83.0506 -20.0776 -78.0146 -17.2502 -85.8555 -35.8098 -97.9426 -14.2812
1 -100 -40.2468 -83.0506 -20.0776 -85.8555 -35.8098 -98.0649 -25.5496
0 75.8145 -27.316 84.2979 -32.1061 78.4809 -46.2646 93.4171 -19.8123
1 66.0437 -54.1868 75.8145 -27.316 78.4809 -46.2646 61.5998 -40.1263
1 -43.4421 -62.5354 -27.8465 -39.7776 -32.1419 -64.305 -49.1706 -52.6354
1 -53.9107 -36.5571 -27.8465 -39.7776 -49.1706 -52.6354 -45.3996 -22.1161
1 89.3573 -65.923 100 -60.9667 98.4402 -64.3411 96.4134 -59.989
1 93.5737 -45.1217 100 -45.8291 96.4134 -59.989 99.5795 -31.2282
1 93.5737 -45.1217 84.2979 -32.1061 78.4809 -46.2646 99.5795 -31.2282
0 -53.9107 -36.5571 -55.8992 -33.5703 -70.5172 -38.8383 -45.3996 -22.1161
1 -78.6318 -39.58 -55.8992 -33.5703 -70.5172 -38.8383 -71.2108 -36.2146
1 -66.8715 -56.6097 -53.9107 -36.5571 -49.1706 -52.6354 -70.5172 -38.8383
1 -1.54337 -55.7222 23.7423 -78.2989 13.8805 -83.5078 27.8052 -67.9123
0 -8.64725 -72.7477 -1.54337 -55.7222 13.8805 -83.5078 -32.1419 -64.305
1 -100 -42.3603 -100 -42.3603 -91.3745 -56.9186 -98.0649 -25.5496
1 -93.907 -59.4039 -100 -49.8805 -97.225 -60.6617 -91.3745 -56.9186
1 -100 -43.3876 -80.3956 -48.5132 -91.3745 -56.9186 -85.8555 -35.8098
0 87.7514 -52.7293 93.5737 -45.1217 96.4134 -59.989 78.4809 -46.2646
0 -80.3956 -48.5132 -78.6318 -39.58 -70.5172 -38.8383 -85.8555 -35.8098
1 47.992 -53.3862 66.0437 -54.1868 60.3726 -67.7986 61.5998 -40.1263
1 46.3416 -67.2283 47.992 -53.3862 60.3726 -67.7986 32.5699 -64.4837
0 -72.429 -57.7034 -80.3956 -48.5132 -91.3745 -56.9186 -70.5172 -38.8383
0 -66.8715 -56.6097 -61.7216 -59.9973 -63.5116 -74.4374 -49.1706 -52.6354
1 -72.429 -57.7034 -66.8715 -56.6097 -63.5116 -74.4374 -70.5172 -38.8383
0 -75.7043 -62.9126 -72.429 -57.7034 -63.5116 -74.4374 -91.3745 -56.9186
0 66.0437 -54.1868 68.1935 -55.9945 60.3726 -67.7986 78.4809 -46.2646
1 89.3573 -65.923 87.7514 -52.7293 81.0837 -61.8549 96.4134 -59.989
1 68.1935 -55.9945 87.7513 -52.7293 81.0837 -61.8549 78.4809 -46.2646
1 71.9351 -69.0322 68.1935 -55.9945 60.3726 -67.7986 81.0837 -61.8549
1 -61.7216 -59.9973 -43.4421 -62.5354 -51.6512 -70.5001 -49.1706 -52.6354
1 -54.0685 -83.0507 -61.7216 -59.9973 -63.5116 -74.4374 -51.6512 -70.5001
1 -79.0529 -71.1437 -75.7043 -62.9126 -63.5116 -74.4374 -92.4797 -62.6526
1 -93.907 -59.4039 -75.7043 -62.9126 -92.4797 -62.6526 -91.3745 -56.9186
0 -7.78938 -75.1714 -8.64725 -72.7477 -19.3894 -95.284 13.8805 -83.5078
1 -34.3296 -83.3198 -8.64725 -72.7477 -19.3894 -95.284 -32.1419 -64.305
1 -37.3212 -81.8108 -43.4421 -62.5354 -51.6512 -70.5001 -32.1419 -64.305
0 -7.78938 -75.1713 -1.03435 -80.6917 4.69575 -94.7469 13.8805 -83.5078
1 -7.23567 -100 -7.78938 -75.1714 -19.3894 -95.284 4.69575 -94.7469
1 49.9982 -75.892 46.3416 -67.2283 36.9622 -77.6791 60.3726 -67.7986
0 45.4649 -67.5201 46.3416 -67.2283 36.9622 -77.6791 32.5699 -64.4837
1 27.8771 -82.8924 45.4649 -67.5201 36.9622 -77.6791 34.2594 -74.5868
1 32.6776 -69.6585 45.4649 -67.5201 34.2594 -74.5868 32.5699 -64.4837
1 -79.0529 -71.1437 -67.2909 -81.9504 -74.4577 -86.3511 -63.5116 -74.4374
0 -79.4796 -71.4682 -79.0529 -71.1437 -74.4577 -86.3511 -92.4797 -62.6526
1 -76.0369 -98.9703 -79.4796 -71.4682 -80.678 -87.1297 -74.4577 -86.3511
0 -84.17 -73.7297 -79.4796 -71.4682 -80.678 -87.1297 -92.4797 -62.6526
1 -96.2322 -64.9459 -93.907 -59.4039 -92.4797 -62.6526 -97.225 -60.6617
0 88.4614 -72.1771 89.3573 -65.923 98.4402 -64.3411 81.0837 -61.8549
1 71.9351 -69.0322 87.6072 -73.0423 76.5121 -79.7216 81.0837 -61.8549
1 64.2725 -79.4046 71.9351 -69.0322 76.5121 -79.7216 60.3726 -67.7986
0 87.6072 -73.0423 88.4614 -72.1771 98.8777 -79.4213 81.0837 -61.8549
1 -96.2322 -64.9459 -84.17 -73.7297 -97.2631 -69.2211 -92.4797 -62.6526
0 87.691 -79.286 87.6072 -73.0423 76.5121 -79.7216 98.8777 -79.4213
1 49.9982 -75.892 64.2725 -79.4046 55.4321 -87.8755 60.3726 -67.7986
1 44.2283 -86.3438 49.9982 -75.892 55.4321 -87.8755 36.9622 -77.6791
0 -37.3213 -81.8108 -34.3296 -83.3199 -48.3211 -96.3808 -32.1419 -64.305
1 -52.5118 -83.7654 -37.3213 -81.8108 -48.3211 -96.3808 -51.6512 -70.5001
0 -34.0421 -90.9036 -34.3296 -83.3198 -48.3211 -96.3808 -19.3894 -95.284
1 23.7423 -78.2989 32.6776 -69.6585 34.2594 -74.5868 27.8052 -67.9123
1 -1.03435 -80.6917 15.8005 -88.0273 11.1831 -89.6982 13.8805 -83.5078
1 13.9922 -100 -1.03436 -80.6917 4.69575 -94.7469 11.1831 -89.6982
1 -74.493 -100 -74.493 -100 -62.0111 -93.0646 -80.678 -87.1297
1 -56.2778 -100 -56.2778 -100 -47.449 -98.2619 -62.0111 -93.0646
1 24.3636 -79.7182 23.7423 -78.2989 13.8805 -83.5078 34.2594 -74.5868
1 68.0947 -89.2861 64.2725 -79.4046 55.4321 -87.8755 76.5121 -79.7216
1 86.9045 -87.5136 87.6911 -79.286 98.585 -81.8317 76.5121 -79.7216
1 24.3636 -79.7182 27.8771 -82.8924 20.2601 -90.0825 34.2594 -74.5868
1 15.8005 -88.0273 24.3636 -79.7182 20.2601 -90.0825 13.8805 -83.5078
0 -54.0685 -83.0507 -52.5118 -83.7654 -62.0111 -93.0646 -51.6512 -70.5001
0 -59.5798 -83.4947 -54.0685 -83.0507 -62.0111 -93.0646 -63.5116 -74.4374
1 -56.4444 -100 -52.5118 -83.7654 -48.3211 -96.3808 -62.0111 -93.0646
1 32.779 -89.4931 27.8771 -82.8924 20.2601 -90.0825 36.9622 -77.6791
1 -67.2909 -81.9505 -59.5798 -83.4947 -66.6963 -90.3394 -63.5116 -74.4374
1 -76.0369 -98.9703 -67.2909 -81.9504 -66.6963 -90.3394 -74.4577 -86.3511
1 -69.1802 -100 -59.5798 -83.4947 -62.0111 -93.0646 -66.6963 -90.3394
1 75.9523 -95.8383 86.9045 -87.5136 91.6309 -99.6123 76.5121 -79.7216
1 51.5261 -96.2077 44.2282 -86.3438 42.4158 -97.5057 55.4321 -87.8755
1 32.779 -89.4931 44.2282 -86.3438 42.4158 -97.5057 36.9622 -77.6791
1 -33.0767 -100 -34.0421 -90.9036 -47.449 -98.2619 -19.3894 -95.284
1 -53.663 -100 -34.0421 -90.9036 -47.449 -98.2619 -48.3211 -96.3808
1 68.0947 -89.2861 75.9523 -95.8383 60.1986 -99.2851 76.5121 -79.7216
1 51.5261 -96.2077 68.0947 -89.2861 60.1986 -99.2851 55.4321 -87.8755
1 29.2587 -100 32.779 -89.4931 42.4158 -97.5057 20.2601 -90.0825
1 75.909 -100 75.9523 -95.8383 91.6309 -99.6123 60.1986 -99.2851
1 15.2936 -100 15.8005 -88.0273 20.2601 -90.0825 11.1831 -89.6982
0 -76.2732 -100 -76.0369 -98.9703 -66.6963 -90.3394 -80.678 -87.1297
1 51.1466 -100 51.5261 -96.2077 60.1986 -99.2851 42.4158 -97.5057
1 14.7511 -100 14.7511 -100 4.69575 -94.7469 20.2601 -90.0825
1 23.2725 -100 23.2725 -100 42.4158 -97.5057 4.69575 -94.7469
1 -21.141 -100 -21.141 -100 -47.449 -98.2619 4.69575 -94.7469
1 -2.49879 -100 -2.49879 -100 -47.449 -98.2619 42.4158 -97.5057
1 6.36311 -100 6.36311 -100 60.1986 -99.2851 -47.449 -98.2619
