0 -70 -100 -70 -94.25 -80 -92 -60 -92
0 -50 -100 -50 -94.25 -60 -92 -40 -92
0 -30 -100 -30 -94.25 -40 -92 -20 -92
0 -10 -100 -10 -94.25 -20 -92 0 -92
0 10 -100 10 -94.25 0 -92 20 -92
0 30 -100 30 -94.25 20 -92 40 -92
0 50 -100 50 -94.25 40 -92 60 -92
0 70 -100 70 -94.25 60 -92 80 -92
1 94.6 -100 80 -81.75 80 -92 90 -84
1 80 0 100 0 90 -84 90 84
1 80 81.75 94.6 100 90 84 80 92
0 70 94.25 70 100 60 92 80 92
0 50 94.25 50 100 40 92 60 92
0 30 94.25 30 100 20 92 40 92
0 10 94.25 10 100 0 92 20 92
0 -10 94.25 -10 100 -20 92 0 92
0 -30 94.25 -30 100 -40 92 -20 92
0 -50 94.25 -50 100 -60 92 -40 92
0 -70 94.25 -70 100 -80 92 -60 92
1 -80 81.75 -94.6 100 -90 84 -80 92
1 -100 0 -80 0 -90 -84 -90 84
1 -94.6 -100 -80 -81.75 -80 -92 -90 -84
1 60 81.75 50 94.25 50 84 60 92
1 40 81.75 50 94.25 50 84 40 92
1 40 81.75 30 94.25 30 84 40 92
1 20 81.75 30 94.25 30 84 20 92
1 20 81.75 10 94.25 10 84 20 92
1 0 81.75 10 94.25 10 84 0 92
1 0 81.75 -10 94.25 -10 84 0 92
1 -20 81.75 -10 94.25 -10 84 -20 92
1 -20 81.75 -30 94.25 -30 84 -20 92
1 -40 81.75 -30 94.25 -30 84 -40 92
1 -40 81.75 -50 94.25 -50 84 -40 92
1 -60 81.75 -50 94.25 -50 84 -60 92
1 80 81.75 70 94.25 70 84 80 92
1 60 81.75 70 94.25 70 84 60 92
1 -60 81.75 -70 94.25 -70 84 -60 92
1 -80 81.75 -70 94.25 -70 84 -80 92
0 80 -0 80 81.75 70 84 90 84
0 60 -0 60 81.75 50 84 70 84
0 40 -0 40 81.75 30 84 50 84
0 20 -0 20 81.75 10 84 30 84
0 0 -0 0 81.75 -10 84 10 84
0 -20 0 -20 81.75 -30 84 -10 84
0 -40 0 -40 81.75 -50 84 -30 84
0 -60 0 -60 81.75 -70 84 -50 84
0 -80 0 -80 81.75 -90 84 -70 84
1 80 0 80 0 70 -84 90 84
1 60 0 80 0 70 -84 70 84
0 80 -81.75 80 0 70 -84 90 -84
1 60 0 60 0 50 -84 70 84
1 40 0 60 0 50 -84 50 84
0 60 -81.75 60 0 50 -84 70 -84
1 40 0 40 0 30 -84 50 84
1 20 0 40 0 30 -84 30 84
0 40 -81.75 40 0 30 -84 50 -84
1 20 0 20 0 10 -84 30 84
1 0 0 20 0 10 -84 10 84
0 20 -81.75 20 0 10 -84 30 -84
1 -0 0 0 0 -10 -84 10 84
1 -20 0 -0 0 -10 -84 -10 84
0 0 -81.75 0 0 -10 -84 10 -84
1 -20 0 -20 0 -30 -84 -10 84
1 -40 0 -20 0 -30 -84 -30 84
0 -20 -81.75 -20 0 -30 -84 -10 -84
1 -40 0 -40 0 -50 -84 -30 84
1 -60 0 -40 0 -50 -84 -50 84
0 -40 -81.75 -40 0 -50 -84 -30 -84
1 -60 0 -60 0 -70 -84 -50 84
1 -80 0 -60 0 -70 -84 -70 84
0 -60 -81.75 -60 0 -70 -84 -50 -84
1 -80 0 -80 0 -90 -84 -70 84
0 -80 -81.75 -80 0 -90 -84 -70 -84
1 70 -94.25 80 -81.75 80 -92 70 -84
1 -70 -94.25 -80 -81.75 -80 -92 -70 -84
1 70 -94.25 60 -81.75 60 -92 70 -84
1 50 -94.25 60 -81.75 60 -92 50 -84
1 50 -94.25 40 -81.75 40 -92 50 -84
1 30 -94.25 40 -81.75 40 -92 30 -84
1 30 -94.25 20 -81.75 20 -92 30 -84
1 10 -94.25 20 -81.75 20 -92 10 -84
1 10 -94.25 0 -81.75 0 -92 10 -84
1 -10 -94.25 0 -81.75 0 -92 -10 -84
1 -10 -94.25 -20 -81.75 -20 -92 -10 -84
1 -30 -94.25 -20 -81.75 -20 -92 -30 -84
1 -30 -94.25 -40 -81.75 -40 -92 -30 -84
1 -50 -94.25 -40 -81.75 -40 -92 -50 -84
1 -50 -94.25 -60 -81.75 -60 -92 -50 -84
1 -70 -94.25 -60 -81.75 -60 -92 -70 -84
