0 -70 -100 -70 -6.25 -80 -4 -60 -4
0 -50 -100 -50 -6.25 -60 -4 -40 -4
0 -30 -100 -30 -6.25 -40 -4 -20 -4
0 -10 -100 -10 -6.25 -20 -4 0 -4
0 10 -100 10 -6.25 0 -4 20 -4
0 30 -100 30 -6.25 20 -4 40 -4
0 50 -100 50 -6.25 40 -4 60 -4
0 70 -100 70 -6.25 60 -4 80 -4
1 100 -18.75 80 6.25 80 -4 90 4
0 80 6.25 80 100 70 4 90 4
0 60 6.25 60 100 50 4 70 4
0 40 6.25 40 100 30 4 50 4
0 20 6.25 20 100 10 4 30 4
0 0 6.25 0 100 -10 4 10 4
0 -20 6.25 -20 100 -30 4 -10 4
0 -40 6.25 -40 100 -50 4 -30 4
0 -60 6.25 -60 100 -70 4 -50 4
0 -80 6.25 -80 100 -90 4 -70 4
1 -100 -18.75 -80 6.25 -80 -4 -90 4
1 70 -6.25 80 6.25 80 -4 70 4
1 70 -6.25 60 6.25 60 -4 70 4
1 50 -6.25 60 6.25 60 -4 50 4
1 50 -6.25 40 6.25 40 -4 50 4
1 30 -6.25 40 6.25 40 -4 30 4
1 30 -6.25 20 6.25 20 -4 30 4
1 10 -6.25 20 6.25 20 -4 10 4
1 10 -6.25 0 6.25 0 -4 10 4
1 -10 -6.25 0 6.25 0 -4 -10 4
1 -10 -6.25 -20 6.25 -20 -4 -10 4
1 -30 -6.25 -20 6.25 -20 -4 -30 4
1 -30 -6.25 -40 6.25 -40 -4 -30 4
1 -50 -6.25 -40 6.25 -40 -4 -50 4
1 -50 -6.25 -60 6.25 -60 -4 -50 4
1 -70 -6.25 -60 6.25 -60 -4 -70 4
1 -70 -6.25 -80 6.25 -80 -4 -70 4
