1 68.8291 -100 68.8291 -100 47.9565 -99.8239 89.202 -95.4574
1 82.5771 -85.4143 100 -95.5707 89.202 -95.4574 94.5807 -86.2304
1 87.0061 -78.7527 100 -81.0818 94.5807 -86.2304 96.7064 -74.3714
1 100 -49.3069 100 -49.3069 96.7064 -74.3714 99.0971 -24.043
1 100 16.6986 100 16.6986 99.0971 -24.043 99.4323 57.4462
1 91.5846 62.2477 100 63.0042 99.4323 57.4462 98.4502 68.3718
1 100 77.7242 100 77.7242 98.4502 68.3718 94.3875 85.3642
1 91.3717 90.6215 100 93.7535 94.3875 85.3642 90.3129 96.5892
1 85.428 94.0989 87.4669 100 90.3129 96.5892 83.1224 99.0736
1 67.1182 100 67.1182 100 51.1396 98.705 83.1224 99.0736
1 13.7776 100 13.7776 100 -23.4749 96.8632 51.1396 98.705
1 -53.2124 61.687 -75.2105 100 -98.583 53.7384 -23.4749 96.8632
1 -100 7.94618 -100 7.94618 -96.0712 -37.6992 -98.583 53.7384
1 -100 -74.266 -83.9637 -68.048 -72.4474 -98.6261 -96.0712 -37.6992
1 -12.2531 -100 -12.2531 -100 47.9565 -99.8239 -72.4474 -98.6261
1 31.1157 100 31.1157 100 11.2998 96.8436 51.1396 98.705
1 -6.08579 100 -6.08579 100 11.2998 96.8436 -23.4749 96.8632
1 10.5888 91.2318 9.66998 100 8.72998 96.5742 11.2998 96.8436
1 -7.34303 100 -7.34303 100 8.72998 96.5742 -23.4749 96.8632
1 70.5771 91.5971 70.2426 100 57.4773 98.0528 83.1224 99.0736
1 53.9577 94.9712 54.4753 100 57.4773 98.0528 51.1396 98.705
1 100 12.6629 100 12.6629 99.0971 -24.043 98.2946 49.3402
1 100 53.2337 100 53.2337 98.2946 49.3402 99.4323 57.4462
0 45.1107 97.2558 44.1532 100 39.4889 94.6399 51.1396 98.705
1 25.7272 100 25.7272 100 39.4889 94.6399 11.2998 96.8436
1 100 9.75263 100 9.75263 99.0971 -24.043 96.9618 43.4235
1 93.274 47.3627 100 45.8476 96.9618 43.4235 98.2946 49.3402
1 35.2315 89.305 33.0804 100 29.2426 92.579 39.4889 94.6399
0 20.5878 96.0433 21.5282 100 29.2426 92.579 11.2998 96.8436
1 7.48861 88.7303 2.62251 100 0.928028 93.2055 8.72998 96.5742
1 -12.9185 84.059 -10.5291 100 0.928028 93.2055 -23.4749 96.8632
0 -53.2124 61.687 -32.9715 62.0465 -22.2447 27.5889 -23.4749 96.8632
1 -60.5597 40.2379 -53.2124 61.687 -22.2447 27.5889 -98.583 53.7384
0 70.5771 91.5971 72.0125 90.8541 71.7153 77.0373 83.1224 99.0736
1 64.5147 87.4898 70.5771 91.5971 71.7153 77.0373 57.4773 98.0528
1 22.7625 89.0402 20.5878 96.0433 15.4177 88.2859 29.2426 92.579
1 10.5888 91.2318 20.5878 96.0433 15.4177 88.2859 11.2998 96.8436
1 72.0125 90.8541 85.428 94.0989 85.6507 88.6204 83.1224 99.0736
1 78.8886 82.5815 72.0125 90.8541 71.7153 77.0373 85.6507 88.6204
1 45.1107 97.2558 49.5476 95.1266 47.7521 91.6459 51.1396 98.705
1 42.1448 89.07 45.1107 97.2558 47.7521 91.6459 39.4889 94.6399
1 -12.9185 84.059 5.86238 83.9406 0.811627 74.7387 0.928028 93.2055
0 -32.9715 62.0465 -12.9185 84.059 0.811627 74.7387 -23.4749 96.8632
1 63.2189 74.7124 64.5147 87.4898 71.7153 77.0373 55.3623 78.6957
0 61.0789 87.8652 64.5147 87.4898 55.3623 78.6957 57.4773 98.0528
1 53.9577 94.9712 61.0789 87.8652 50.8836 91.4451 57.4773 98.0528
1 49.5476 95.1266 53.9577 94.9712 50.8836 91.4451 51.1396 98.705
1 85.428 94.0989 91.3717 90.6215 85.6507 88.6204 90.3129 96.5892
1 49.0597 87.5202 49.5476 95.1266 50.8836 91.4451 47.7521 91.6459
0 54.1761 85.4403 61.0789 87.8652 55.3623 78.6957 50.8836 91.4451
0 -32.9715 62.0465 -23.7559 57.5401 -22.2447 27.5889 0.811627 74.7387
0 7.48861 88.7303 10.5888 91.2318 15.4177 88.2859 8.72998 96.5742
0 91.0333 89.7136 91.3717 90.6215 94.3875 85.3642 85.6507 88.6204
0 5.86239 83.9406 7.48861 88.7303 15.4177 88.2859 0.928028 93.2055
1 100 -56.1724 100 -56.1724 96.7064 -74.3714 96.7545 -37.9647
1 100 -31.3529 100 -31.3529 96.7545 -37.9647 99.0971 -24.043
1 22.7625 89.0402 30.2056 83.7199 21.5118 81.7634 29.2426 92.579
1 14.6802 81.4886 22.7625 89.0402 21.5118 81.7634 15.4177 88.2859
1 89.8409 67.5541 100 73.944 98.4502 68.3718 94.3063 74.9601
1 100 80.118 100 80.118 94.3063 74.9601 94.3875 85.3642
1 35.2315 89.305 42.1448 89.07 39.1168 83.6933 39.4889 94.6399
1 30.2056 83.7199 35.2315 89.305 39.1168 83.6933 29.2426 92.579
1 43.4945 87.6044 42.1448 89.07 39.1168 83.6933 47.7521 91.6459
0 91.0823 89.3345 91.0333 89.7136 88.8957 84.6541 94.3875 85.3642
1 81.0261 81.5262 91.0333 89.7136 88.8957 84.6541 85.6507 88.6204
1 -100 28.259 -60.5597 40.2379 -84.6522 7.87145 -98.583 53.7384
1 -100 -12.4987 -77.3432 -18.176 -96.0712 -37.6992 -84.6522 7.87145
1 93.6353 82.7632 91.0823 89.3345 91.3245 84.1742 94.3875 85.3642
1 89.5594 81.6275 91.0823 89.3345 91.3245 84.1742 88.8957 84.6541
1 8.24757 81.369 5.86237 83.9406 0.811627 74.7387 15.4177 88.2859
1 43.4945 87.6044 49.0597 87.5202 47.6279 83.4359 47.7521 91.6459
0 43.431 85.5034 43.4945 87.6044 47.6279 83.4359 39.1168 83.6933
1 30.3666 82.2515 30.2056 83.7199 21.5118 81.7634 39.1168 83.6933
1 49.4528 77.7334 54.1761 85.4403 55.3623 78.6957 47.6279 83.4359
1 49.0597 87.5202 54.1761 85.4403 47.6279 83.4359 50.8836 91.4451
0 78.8886 82.5814 81.0261 81.5262 78.206 73.5411 85.6507 88.6204
1 74.1081 73.7064 78.8886 82.5815 78.206 73.5411 71.7153 77.0373
0 8.24758 81.369 14.6802 81.4886 15.67 74.7235 15.4177 88.2859
1 8.23948 73.4179 8.24758 81.369 15.67 74.7235 0.811627 74.7387
1 30.3666 82.2515 40.6242 80.1639 37.8573 77.5044 39.1168 83.6933
1 29.5219 79.0096 30.3666 82.2515 37.8573 77.5044 21.5118 81.7634
1 49.4528 77.7334 43.431 85.5034 44.386 80.9234 47.6279 83.4359
1 40.6242 80.1639 43.431 85.5034 44.386 80.9234 39.1168 83.6933
1 81.0261 81.5262 84.8782 77.8209 78.206 73.5411 88.8957 84.6541
1 100 -8.47167 100 -8.47167 99.0971 -24.043 90.6832 4.03748
1 100 22.7457 100 22.7457 90.6832 4.03748 96.9618 43.4235
1 14.6802 81.4886 18.661 78.1853 15.67 74.7235 21.5118 81.7634
1 86.1801 75.1134 100 80.0247 94.3063 74.9601 92.3871 80.3605
0 93.6353 82.7632 100 80.2187 92.3871 80.3605 94.3875 85.3642
0 -23.7559 57.5401 -15.1894 56.9604 -1.72911 37.1888 0.811627 74.7387
1 -3.94822 15.2096 -23.7559 57.5401 -22.2447 27.5889 -1.72911 37.1888
1 32.0895 68.5785 29.5219 79.0096 22.8374 73.8073 37.8573 77.5044
1 21.2345 77.6287 29.5219 79.0096 22.8374 73.8073 21.5118 81.7634
0 90.706 7.12557 100 7.79921 90.6832 4.03748 90.2381 10.1781
1 100 25.5065 100 25.5065 90.2381 10.1781 96.9618 43.4235
0 84.8782 77.8209 89.5594 81.6275 92.3871 80.3605 88.8957 84.6541
1 86.1801 75.1134 84.8781 77.8209 78.206 73.5411 92.3871 80.3605
1 89.5594 81.6275 93.6353 82.7632 92.3871 80.3605 91.3245 84.1742
1 45.5267 70.8024 40.6242 80.1639 37.8573 77.5044 44.386 80.9234
0 47.9457 70.3079 49.4528 77.7334 55.3623 78.6957 44.386 80.9234
1 63.2189 74.7124 72.2455 71.2751 68.0168 67.3251 71.7153 77.0373
1 56.3714 67.0917 63.2189 74.7124 68.0168 67.3251 55.3623 78.6957
1 86.4726 71.7951 86.1801 75.1134 78.206 73.5411 94.3063 74.9601
1 18.661 78.1854 21.2345 77.6287 19.7783 73.749 21.5118 81.7634
1 17.4274 72.9855 18.661 78.1854 19.7783 73.749 15.67 74.7235
1 21.4639 65.5953 21.2345 77.6287 19.7783 73.749 22.8374 73.8073
1 47.9457 70.3079 55.3252 66.1716 44.6613 59.604 55.3623 78.6957
0 47.8943 70.3072 47.9457 70.3079 44.6613 59.604 44.386 80.9234
1 39.2757 54.9868 47.8943 70.3072 44.6613 59.604 40.4255 61.9868
0 45.5267 70.8024 47.8943 70.3072 40.4255 61.9868 44.386 80.9234
1 32.0895 68.5785 45.5267 70.8024 40.4255 61.9868 37.8573 77.5044
1 8.23948 73.4179 17.4274 72.9855 15.5145 71.4202 15.67 74.7235
1 7.46548 69.9886 8.23948 73.4179 15.5145 71.4202 0.811627 74.7387
1 -15.1894 56.9604 4.78252 67.169 8.59215 59.5169 0.811627 74.7387
1 -15.1894 56.9604 3.7926 48.1859 -1.72911 37.1888 8.59215 59.5169
1 -46.8783 -3.06501 -60.5597 40.2379 -84.6522 7.87145 -22.2447 27.5889
1 89.8409 67.5541 86.4726 71.7951 81.6163 64.8812 94.3063 74.9601
0 85.476 71.4026 86.4726 71.7951 81.6163 64.8812 78.206 73.5411
1 29.7334 65.0728 32.0895 68.5785 40.4255 61.9868 22.8374 73.8073
1 77.7205 67.5477 85.476 71.4026 81.6163 64.8812 77.9471 72.2633
1 74.1081 73.7064 85.476 71.4026 77.9471 72.2633 78.206 73.5411
1 56.3714 67.0917 70.5229 65.709 67.7514 64.6086 68.0168 67.3251
0 55.3252 66.1716 56.3714 67.0917 67.7514 64.6086 55.3623 78.6957
1 56.492 60.7882 55.3252 66.1716 44.6613 59.604 67.7514 64.6086
1 7.46548 69.9886 21.805 64.549 12.54 63.5787 15.5145 71.4202
1 4.78252 67.169 7.46547 69.9886 12.54 63.5787 0.811627 74.7387
0 72.2455 71.2751 74.1081 73.7064 77.9471 72.2633 71.7153 77.0373
0 72.3565 71.0519 72.2455 71.2751 68.0168 67.3251 77.9471 72.2633
1 72.3565 71.0519 77.7205 67.5477 73.4932 65.4457 77.9471 72.2633
1 70.5229 65.709 72.3565 71.0519 73.4932 65.4457 68.0168 67.3251
1 90.7662 63.0916 89.8409 67.5541 81.6163 64.8812 98.4502 68.3718
1 38.3214 55.2814 29.7334 65.0728 31.3988 54.0695 40.4255 61.9868
1 25.0817 63.0551 29.7334 65.0728 31.3988 54.0695 22.8374 73.8073
1 4.78252 67.169 15.7971 56.4636 8.59215 59.5169 12.54 63.5787
1 21.4639 65.5953 17.4274 72.9855 15.5145 71.4202 19.7783 73.749
1 27.4066 50.7398 25.0817 63.0551 22.4752 52.3849 31.3988 54.0695
0 23.2583 63.0859 25.0817 63.0551 22.4752 52.3849 22.8374 73.8073
0 21.805 64.549 21.4639 65.5953 15.5145 71.4202 22.8374 73.8073
0 23.2583 63.0859 21.805 64.549 12.54 63.5787 22.8374 73.8073
1 15.7971 56.4636 23.2583 63.0859 22.4752 52.3849 12.54 63.5787
1 56.492 60.7882 70.782 63.9317 68.3153 62.0454 67.7514 64.6086
0 57.1414 54.4972 56.492 60.7882 44.6613 59.604 68.3153 62.0454
0 91.5846 62.2477 90.7662 63.0916 85.2523 55.5737 98.4502 68.3718
1 77.0381 57.7288 90.7662 63.0916 85.2523 55.5737 81.6163 64.8812
1 77.0381 57.7288 77.7205 67.5477 81.6163 64.8812 73.4932 65.4457
0 91.9467 59.5058 91.5846 62.2477 85.2523 55.5737 99.4323 57.4462
1 70.782 63.9317 70.5229 65.709 67.7514 64.6086 73.4932 65.4457
0 57.1414 54.4972 58.9673 53.4096 55.8262 41.077 68.3153 62.0454
0 56.4951 54.1078 57.1414 54.4972 55.8262 41.077 44.6613 59.604
0 92.6375 58.375 91.9467 59.5058 90.362 51.9055 99.4323 57.4462
1 86.5422 51.9776 91.9467 59.5058 90.362 51.9055 85.2523 55.5737
1 47.4862 33.3257 56.4951 54.1078 55.8262 41.077 47.442 44.7115
1 43.6064 51.7012 56.4951 54.1078 47.442 44.7115 44.6613 59.604
1 75.0176 57.4817 70.782 63.9317 68.3153 62.0454 73.4932 65.4457
0 76.8415 57.4946 77.0381 57.7288 85.2523 55.5737 73.4932 65.4457
0 58.9673 53.4096 61.0286 52.9427 63.6809 41.5884 68.3153 62.0454
1 59.997 37.5941 58.9673 53.4096 55.8262 41.077 63.6809 41.5884
0 77.9748 55.3227 76.8415 57.4946 73.6064 49.4968 85.2523 55.5737
0 75.0176 57.4817 76.8415 57.4946 73.6064 49.4968 73.4932 65.4457
1 65.9774 53.6699 75.0176 57.4817 73.6064 49.4968 68.3153 62.0454
1 92.6375 58.375 100 55.1517 97.929 54.0124 99.4323 57.4462
1 94.5796 51.3999 92.6375 58.375 90.362 51.9055 97.929 54.0124
0 61.0286 52.9427 65.9774 53.6699 70.6258 46.3209 68.3153 62.0454
1 68.1195 42.5369 61.0286 52.9427 63.6809 41.5884 70.6258 46.3209
1 13.6208 52.2274 15.7971 56.4636 22.4752 52.3849 8.59215 59.5169
1 77.9748 55.3227 86.5422 51.9776 83.1569 50.2069 85.2523 55.5737
1 78.4185 49.3556 77.9748 55.3227 73.6064 49.4968 83.1569 50.2069
1 65.9774 53.6699 74.0595 46.085 70.6258 46.3209 73.6064 49.4968
1 38.3213 55.2814 39.2757 54.9868 36.2798 48.5567 40.4255 61.9868
1 32.8214 50.4119 38.3213 55.2814 36.2798 48.5567 31.3988 54.0695
1 39.2757 54.9868 43.6064 51.7012 36.2798 48.5567 44.6613 59.604
0 13.6208 52.2274 19.7704 49.8354 20.0417 46.1284 22.4752 52.3849
0 8.18657 47.5801 13.6208 52.2274 20.0417 46.1284 8.59215 59.5169
1 94.5796 51.3999 100 51.8241 98.2946 49.3402 97.929 54.0124
1 3.7926 48.1859 8.18657 47.5801 5.3469 35.9789 8.59215 59.5169
1 -1.29223 18.4463 3.7926 48.1859 5.3469 35.9789 -1.72911 37.1888
0 42.1972 47.6103 43.6064 51.7012 47.442 44.7115 36.2798 48.5567
1 13.7062 39.5885 8.18657 47.5801 5.3469 35.9789 20.0417 46.1284
0 28.1188 49.7557 27.4066 50.7398 22.9958 47.9883 31.3988 54.0695
1 19.7704 49.8354 27.4066 50.7398 22.9958 47.9883 22.4752 52.3849
1 87.8752 46.3231 86.5422 51.9776 83.1569 50.2069 90.362 51.9055
1 93.274 47.3627 94.5796 51.3999 98.2946 49.3402 90.362 51.9055
1 28.1188 49.7557 32.8214 50.4119 32.4544 46.5045 31.3988 54.0695
0 28.0089 49.0556 28.1188 49.7557 32.4544 46.5045 22.9958 47.9883
1 100 21.399 100 21.399 90.2381 10.1781 90.5375 32.8734
0 99.425 34.6925 100 34.3424 90.5375 32.8734 96.9618 43.4235
1 35.4462 45.5191 32.8214 50.4119 32.4544 46.5045 36.2798 48.5567
1 31.3936 42.5661 28.0089 49.0556 27.5569 43.9501 32.4544 46.5045
0 26.1417 46.9466 28.0089 49.0556 27.5569 43.9501 22.9958 47.9883
0 79.5262 48.1599 78.4185 49.3556 77.2085 44.6959 83.1569 50.2069
1 74.0595 46.085 78.4185 49.3556 77.2085 44.6959 73.6064 49.4968
1 43.3321 38.7387 42.1972 47.6103 37.851 43.4845 47.442 44.7115
1 35.4462 45.5191 42.1972 47.6103 37.851 43.4845 36.2798 48.5567
1 21.6754 46.8095 19.7704 49.8354 20.0417 46.1284 22.9958 47.9883
0 92.7838 46.9813 93.274 47.3627 96.9618 43.4235 90.362 51.9055
1 99.425 34.6926 92.7838 46.9813 93.4708 41.5369 96.9618 43.4235
1 88.4256 45.6745 92.7838 46.9813 93.4708 41.5369 90.362 51.9055
0 88.4256 45.6745 87.8752 46.3231 81.9625 44.7782 90.362 51.9055
1 79.5262 48.1599 87.8752 46.3231 81.9625 44.7782 83.1569 50.2069
1 79.7687 34.1573 79.5262 48.1599 77.2085 44.6959 81.9625 44.7782
1 86.5594 39.0487 88.4256 45.6745 93.4708 41.5369 81.9625 44.7782
1 23.9203 41.2901 26.1417 46.9466 27.5569 43.9501 23.0656 45.7139
1 21.6754 46.8095 26.1417 46.9466 23.0656 45.7139 22.9958 47.9883
1 72.7824 40.9115 74.0595 46.085 77.2085 44.6959 70.6258 46.3209
1 13.7062 39.5885 20.772 40.2192 21.0998 34.2741 20.0417 46.1284
1 12.7723 30.9586 13.7062 39.5885 21.0998 34.2741 5.3469 35.9789
1 33.7001 42.3988 35.4462 45.5191 37.851 43.4845 32.4544 46.5045
1 20.772 40.2192 21.6754 46.8095 23.0656 45.7139 20.0417 46.1284
1 68.1195 42.5369 72.7824 40.9115 67.7306 38.0148 70.6258 46.3209
1 64.2614 38.1648 68.1195 42.5369 67.7306 38.0148 63.6809 41.5884
0 78.5289 32.7595 72.7824 40.9115 67.7306 38.0148 77.2085 44.6959
1 33.7001 42.3988 43.3321 38.7387 36.0824 38.8305 37.851 43.4845
0 32.5162 41.8391 33.7001 42.3988 36.0824 38.8305 32.4544 46.5045
0 31.3936 42.5661 32.5162 41.8391 28.2335 39.9875 32.4544 46.5045
1 23.9203 41.2901 31.3936 42.5661 28.2335 39.9875 27.5569 43.9501
1 31.3952 34.2338 32.5162 41.8391 36.0824 38.8305 28.2335 39.9875
1 86.5594 39.0487 99.425 34.6926 90.5375 32.8734 93.4708 41.5369
1 79.7687 34.1573 86.5594 39.0487 90.5375 32.8734 81.9625 44.7782
1 20.772 40.2192 22.4199 39.936 21.0998 34.2741 23.0656 45.7139
0 45.7289 34.1091 43.3321 38.7387 36.0824 38.8305 47.442 44.7115
0 22.4199 39.936 23.9203 41.2901 28.2335 39.9875 23.0656 45.7139
1 27.1797 33.993 22.4199 39.936 21.0998 34.2741 28.2335 39.9875
0 78.5289 32.7595 79.7687 34.1573 90.5375 32.8734 77.2085 44.6959
0 45.7289 34.1091 47.4862 33.3257 38.9879 25.7482 47.442 44.7115
1 35.9191 31.9304 45.7289 34.1091 38.9879 25.7482 36.0824 38.8305
0 78.4467 32.3948 78.5289 32.7595 90.5375 32.8734 67.7306 38.0148
0 52.7242 27.5719 47.4862 33.3257 38.9879 25.7482 55.8262 41.077
1 78.4467 32.3948 100 24.2405 87.1929 24.0329 90.5375 32.8734
1 75.1724 27.8371 78.4467 32.3948 87.1929 24.0329 67.7306 38.0148
1 59.997 37.5941 64.2614 38.1648 64.6016 34.709 63.6809 41.5884
0 52.7242 27.5719 59.997 37.5941 64.6016 34.709 55.8262 41.077
1 84.8515 16.2562 100 19.5858 90.2381 10.1781 87.1929 24.0329
1 64.2614 38.1648 75.1724 27.8371 64.6016 34.709 67.7306 38.0148
0 54.2583 23.1868 52.7242 27.5719 38.9879 25.7482 64.6016 34.709
1 31.3952 34.2338 35.9191 31.9304 30.4354 27.7392 36.0824 38.8305
0 29.9269 33.9698 31.3952 34.2338 30.4354 27.7392 28.2335 39.9875
0 73.788 24.9077 75.1724 27.8371 87.1929 24.0329 64.6016 34.709
1 28.898 24.1944 29.9269 33.9698 30.4354 27.7392 28.1324 27.9816
1 27.1797 33.993 29.9269 33.9698 28.1324 27.9816 28.2335 39.9875
1 21.5387 27.6885 27.1797 33.993 28.1324 27.9816 21.0998 34.2741
1 12.7723 30.9586 21.5387 27.6885 16.894 22.9993 21.0998 34.2741
1 -1.29222 18.4463 12.7723 30.9586 16.894 22.9993 5.3469 35.9789
0 34.8042 27.1412 35.9191 31.9304 38.9879 25.7482 30.4354 27.7392
1 54.2583 23.1868 63.4086 20.7037 57.3581 8.01656 64.6016 34.709
0 54.0102 22.9298 54.2583 23.1868 57.3581 8.01656 38.9879 25.7482
1 73.788 24.9076 84.8515 16.2562 77.8687 12.1091 87.1929 24.0329
1 67.544 21.2422 73.788 24.9077 77.8687 12.1091 64.6016 34.709
1 51.7356 6.07921 54.0102 22.9298 57.3581 8.01656 46.828 9.43801
0 46.6267 19.3806 54.0102 22.9298 46.828 9.43801 38.9879 25.7482
0 -3.94822 15.2096 -3.50146 15.5468 17.7963 11.3135 -1.72911 37.1888
0 -6.0921 9.93524 -3.94822 15.2096 17.7963 11.3135 -22.2447 27.5889
0 -3.50146 15.5468 -1.29222 18.4463 16.894 22.9993 -1.72911 37.1888
1 -3.50146 15.5468 21.056 17.4429 17.7963 11.3135 16.894 22.9993
1 -46.8783 -3.065 -31.6152 -8.75525 -48.3238 -42.3637 -22.2447 27.5889
0 -48.6617 -4.35473 -46.8783 -3.06501 -48.3238 -42.3637 -84.6522 7.87145
1 75.3012 4.98517 67.544 21.2422 68.1483 7.47087 77.8687 12.1091
1 63.4086 20.7037 67.544 21.2422 68.1483 7.47087 64.6016 34.709
1 62.5458 3.64292 63.4086 20.7037 68.1483 7.47087 57.3581 8.01656
1 22.722 25.0196 21.5387 27.6885 16.894 22.9993 28.1324 27.9816
1 -6.09211 9.93524 19.556 6.12781 16.3658 1.67693 17.7963 11.3135
0 -12.77 -0.0152848 -6.0921 9.93524 16.3658 1.67693 -22.2447 27.5889
1 -55.592 -45.1777 -48.6617 -4.35473 -48.3238 -42.3637 -61.5244 -40.1227
1 -77.3432 -18.176 -48.6617 -4.35473 -61.5244 -40.1227 -84.6522 7.87145
1 41.4679 19.9191 34.8042 27.1412 35.8568 22.8592 38.9879 25.7482
1 31.1882 23.1241 34.8042 27.1412 35.8568 22.8592 30.4354 27.7392
1 22.722 25.0196 28.898 24.1944 27.1649 20.741 28.1324 27.9816
1 21.056 17.4429 22.722 25.0196 27.1649 20.741 16.894 22.9993
1 100 -13.8673 100 -13.8673 99.0971 -24.043 90.9685 -9.09325
0 93.1125 -2.4782 100 -2.32856 90.9685 -9.09325 90.6832 4.03748
1 42.1231 11.7266 46.6267 19.3806 46.828 9.43801 37.8376 14.7279
0 41.4679 19.9191 46.6267 19.3806 37.8376 14.7279 38.9879 25.7482
0 -12.77 -0.0152845 -9.05425 -1.98511 2.18167 -25.0794 16.3658 1.67693
0 -31.6152 -8.75525 -12.77 -0.015285 2.18167 -25.0794 -22.2447 27.5889
0 -25.1296 -27.7066 -31.6152 -8.75525 -48.3238 -42.3637 2.18167 -25.0794
1 93.4609 -23.2212 100 -18.2975 99.0971 -24.043 94.2287 -17.5774
1 89.1331 -14.667 100 -10.4912 94.2287 -17.5774 90.9685 -9.09325
0 28.898 24.1944 31.1882 23.1241 27.1649 20.741 30.4354 27.7392
1 32.5015 17.7349 31.1882 23.1241 27.1649 20.741 35.8568 22.8592
1 32.5015 17.7349 41.4679 19.9191 37.8376 14.7279 35.8568 22.8592
1 21.056 17.4429 23.7913 14.7247 17.7963 11.3135 27.1649 20.741
1 83.7953 9.49019 84.8515 16.2562 90.2381 10.1781 77.8687 12.1091
1 30.1313 13.5281 32.5015 17.7349 37.8376 14.7279 27.1649 20.741
0 -9.05425 -1.98511 0.5834 -4.26812 12.0218 -16.6614 16.3658 1.67693
0 6.49066 -20.1561 -9.05425 -1.98511 2.18167 -25.0794 12.0218 -16.6614
1 23.7913 14.7247 30.1313 13.5281 24.7399 7.8927 27.1649 20.741
1 19.556 6.12781 23.7913 14.7247 24.7399 7.8927 17.7963 11.3135
1 33.6864 6.71581 30.1313 13.5281 24.7399 7.8927 37.8376 14.7279
1 48.7126 2.39911 42.1231 11.7266 42.7081 6.52747 46.828 9.43801
1 33.6864 6.71581 42.1231 11.7266 42.7081 6.52747 37.8376 14.7279
1 83.7953 9.49019 90.706 7.12557 88.4662 4.99949 90.2381 10.1781
1 82.8296 8.0507 83.7953 9.49019 88.4662 4.99949 77.8687 12.1091
0 32.9629 -2.80663 33.6864 6.71581 42.7081 6.52747 24.7399 7.8927
1 82.8296 8.0507 88.7257 2.56194 86.2759 2.64663 88.4662 4.99949
1 79.5869 5.16963 82.8296 8.05069 86.2759 2.64663 77.8687 12.1091
1 0.5834 -4.26812 25.4636 -1.94411 17.1938 -7.18742 16.3658 1.67693
0 0.5834 -4.26812 13.4444 -11.2892 12.0218 -16.6614 17.1938 -7.18742
1 75.3012 4.98517 79.5869 5.16965 78.4714 -1.89174 77.8687 12.1091
1 69.5077 -1.40259 75.3012 4.98517 78.4714 -1.89174 68.1483 7.47087
1 83.5258 -1.60387 79.5869 5.16965 78.4714 -1.89174 86.2759 2.64663
1 51.7356 6.07921 62.5458 3.64292 55.9835 1.91737 57.3581 8.01656
1 48.7126 2.39911 51.7356 6.07921 55.9835 1.91737 46.828 9.43801
1 25.5258 -1.91489 19.556 6.12781 16.3658 1.67693 24.7399 7.8927
0 36.6262 -6.98043 32.9629 -2.80663 22.4435 -11.2587 42.7081 6.52747
0 25.5258 -1.91489 32.9629 -2.80663 22.4435 -11.2587 24.7399 7.8927
0 65.4792 -2.78263 62.5458 3.64292 55.9835 1.91737 68.1483 7.47087
1 88.7257 2.56194 90.7059 7.12557 90.6832 4.03748 88.4662 4.99949
0 46.674 -3.47148 48.7126 2.39911 55.9835 1.91737 42.7081 6.52747
1 -80.1142 -57.6767 -77.3432 -18.176 -61.5244 -40.1227 -96.0712 -37.6992
0 25.4636 -1.94411 25.5258 -1.91489 22.4435 -11.2587 16.3658 1.67693
0 21.6639 -6.84375 25.4636 -1.94411 22.4435 -11.2587 17.1938 -7.18742
1 36.6262 -6.98043 46.674 -3.47148 49.7949 -13.7655 42.7081 6.52747
1 36.1133 -12.5767 36.6262 -6.98043 49.7949 -13.7655 22.4435 -11.2587
0 65.4792 -2.78262 69.5077 -1.40259 73.8748 -9.24573 68.1483 7.47087
1 63.5195 -5.92353 65.4792 -2.78263 73.8748 -9.24573 55.9835 1.91737
1 69.5077 -1.40259 79.2886 -7.51607 73.8748 -9.24573 78.4714 -1.89174
1 46.674 -3.47148 55.703 -7.03438 49.7949 -13.7655 55.9835 1.91737
0 89.9041 -1.17225 88.7257 2.56194 86.2759 2.64663 90.6832 4.03748
0 65.3062 -9.24353 63.5195 -5.92353 60.5883 -16.3963 73.8748 -9.24573
1 58.2628 -7.24528 63.5195 -5.92353 60.5883 -16.3963 55.9835 1.91737
1 85.3964 -11.2455 93.1125 -2.47821 90.9685 -9.09325 86.8234 -5.44513
0 89.9041 -1.17225 93.1125 -2.47821 86.8234 -5.44513 90.6832 4.03748
1 83.5258 -1.60387 89.9041 -1.17225 86.8234 -5.44513 86.2759 2.64663
1 81.0253 -7.48122 83.5258 -1.60387 86.8234 -5.44513 78.4714 -1.89174
1 56.9351 -23.8742 58.2628 -7.24528 60.5883 -16.3963 54.5147 -15.9114
0 55.703 -7.03439 58.2628 -7.24528 54.5147 -15.9114 55.9835 1.91737
1 49.5453 -20.578 55.703 -7.03439 54.5147 -15.9114 49.7949 -13.7655
1 36.1133 -12.5767 49.5453 -20.578 43.6736 -24.0415 49.7949 -13.7655
1 29.6733 -23.2725 36.1133 -12.5767 43.6736 -24.0415 22.4435 -11.2587
1 -25.1296 -27.7066 4.80721 -28.8623 1.89784 -32.4315 2.18167 -25.0794
0 -23.7213 -34.8275 -25.1296 -27.7066 -48.3238 -42.3637 1.89784 -32.4315
1 65.3062 -9.24353 77.3658 -9.87996 73.8275 -10.1432 73.8748 -9.24573
0 66.4076 -11.5753 65.3062 -9.24353 60.5883 -16.3963 73.8275 -10.1432
1 84.3335 -10.9617 81.0253 -7.48122 78.6977 -13.1687 86.8234 -5.44513
0 79.2886 -7.51607 81.0253 -7.48122 78.6977 -13.1687 78.4714 -1.89174
0 77.3658 -9.87996 79.2886 -7.51607 78.6977 -13.1687 73.8748 -9.24573
1 19.0554 -17.4762 21.6639 -6.84375 22.4435 -11.2587 18.9295 -10.3966
1 13.4444 -11.2892 21.6639 -6.84375 18.9295 -10.3966 17.1938 -7.18742
1 66.4076 -11.5753 74.5884 -14.3509 71.4242 -17.2268 73.8275 -10.1432
1 65.7897 -19.637 66.4076 -11.5753 71.4242 -17.2268 60.5883 -16.3963
1 84.3335 -10.9617 85.3964 -11.2455 83.7422 -16.9853 86.8234 -5.44513
1 77.6363 -19.8136 84.3335 -10.9617 83.7422 -16.9853 78.6977 -13.1687
1 85.3964 -11.2455 89.1331 -14.667 83.7422 -16.9853 90.9685 -9.09325
1 19.0554 -17.4762 13.4444 -11.2892 12.0218 -16.6614 18.9295 -10.3966
1 74.5884 -14.3509 77.3658 -9.87996 78.6977 -13.1687 73.8275 -10.1432
1 88.8122 -20.3492 89.1331 -14.667 94.2287 -17.5774 83.7422 -16.9853
1 -23.7213 -34.8275 5.75636 -34.8973 1.8862 -37.3448 1.89784 -32.4315
1 -22.2762 -49.2848 -23.7213 -34.8275 -48.3238 -42.3637 1.8862 -37.3448
0 29.6733 -23.2725 35.3824 -27.5666 34.2953 -36.5102 43.6736 -24.0415
1 26.6601 -24.6867 29.6733 -23.2725 34.2953 -36.5102 22.4435 -11.2587
1 77.6363 -19.8136 74.5884 -14.3509 71.4242 -17.2268 78.6977 -13.1687
0 21.5846 -22.3549 19.0554 -17.4762 12.0218 -16.6614 22.4435 -11.2587
0 24.2147 -33.1339 26.6601 -24.6867 34.2953 -36.5102 13.8894 -30.6027
0 21.8027 -22.5387 26.6601 -24.6867 13.8894 -30.6027 22.4435 -11.2587
0 21.5846 -22.3549 21.8027 -22.5387 10.7949 -25.0835 22.4435 -11.2587
1 6.49066 -20.1561 21.5846 -22.3549 10.7949 -25.0835 12.0218 -16.6614
1 12.0287 -28.0188 21.8027 -22.5387 13.8894 -30.6027 10.7949 -25.0835
0 77.6875 -22.4241 77.6363 -19.8136 71.4242 -17.2268 83.7422 -16.9853
1 65.7897 -19.637 72.1648 -22.5367 67.6757 -25.4679 71.4242 -17.2268
1 59.5405 -24.5193 65.7897 -19.637 67.6757 -25.4679 60.5883 -16.3963
0 6.48935 -22.8514 6.49066 -20.1561 10.7949 -25.0835 2.18167 -25.0794
0 51.51 -23.1979 49.5453 -20.578 43.6736 -24.0415 54.5147 -15.9114
0 88.8122 -20.3492 90.4251 -21.7983 86.6339 -26.0305 94.2287 -17.5774
1 79.7688 -23.2404 88.8122 -20.3492 86.6339 -26.0305 83.7422 -16.9853
0 77.6874 -22.4241 78.8651 -23.108 75.9641 -30.3784 83.7422 -16.9853
0 76.4027 -22.8676 77.6874 -22.4241 75.9641 -30.3784 71.4242 -17.2268
0 78.8651 -23.108 79.7688 -23.2404 81.7815 -30.3723 83.7422 -16.9853
1 78.8799 -37.0737 78.8651 -23.108 75.9641 -30.3784 81.7815 -30.3723
1 51.51 -23.1979 55.1934 -23.8094 51.999 -31.0644 54.5147 -15.9114
1 45.0401 -30.8678 51.51 -23.1979 51.999 -31.0644 43.6736 -24.0415
0 73.5182 -28.5653 76.4027 -22.8676 75.9641 -30.3784 70.609 -27.6673
0 72.1648 -22.5367 76.4027 -22.8676 70.609 -27.6673 71.4242 -17.2268
1 56.9351 -23.8742 58.2809 -24.4623 53.9295 -31.6351 60.5883 -16.3963
0 55.1934 -23.8094 56.9351 -23.8742 53.9295 -31.6351 54.5147 -15.9114
1 86.3287 -30.5717 79.7688 -23.2404 81.7815 -30.3723 86.6339 -26.0305
1 50.5533 -39.5049 55.1934 -23.8094 53.9295 -31.6351 51.999 -31.0644
0 58.2809 -24.4623 59.5405 -24.5193 59.85 -32.7038 60.5883 -16.3963
1 56.281 -35.5419 58.2809 -24.4623 59.85 -32.7038 53.9295 -31.6351
1 90.4251 -21.7983 93.4609 -23.2212 89.6144 -27.4221 94.2287 -17.5774
1 86.3287 -30.5717 90.4251 -21.7983 89.6144 -27.4221 86.6339 -26.0305
1 65.3229 -30.7731 59.5405 -24.5193 59.85 -32.7038 67.6757 -25.4679
1 66.7085 -29.8135 72.1648 -22.5367 70.609 -27.6673 67.6757 -25.4679
0 94.0734 -24.9402 93.4609 -23.2212 89.6144 -27.4221 99.0971 -24.043
1 6.48935 -22.8514 12.0287 -28.0188 9.0149 -26.9917 10.7949 -25.0835
1 4.80721 -28.8623 6.48935 -22.8514 9.0149 -26.9917 2.18167 -25.0794
1 35.3824 -27.5666 45.0401 -30.8678 39.7809 -35.4293 43.6736 -24.0415
1 38.0599 -41.1554 35.3824 -27.5666 34.2953 -36.5102 39.7809 -35.4293
1 94.0734 -24.9402 100 -30.1211 93.8558 -30.0388 99.0971 -24.043
1 88.8646 -33.3832 94.0734 -24.9402 93.8558 -30.0388 89.6144 -27.4221
0 -22.2762 -49.2848 -2.1684 -49.1643 2.02747 -60.9345 1.8862 -37.3448
1 -27.3248 -62.9733 -22.2762 -49.2848 2.02747 -60.9345 -48.3238 -42.3637
1 23.8907 -35.8516 24.2147 -33.1339 34.2953 -36.5102 13.6229 -34.046
1 9.10584 -31.9644 24.2147 -33.1339 13.6229 -34.046 13.8894 -30.6027
1 92.7428 -34.9389 100 -32.2847 96.7545 -37.9647 93.8558 -30.0388
1 47.9799 -39.097 45.0401 -30.8678 39.7809 -35.4293 51.999 -31.0644
1 7.82018 -32.8042 4.80721 -28.8623 1.89784 -32.4315 9.0149 -26.9917
1 9.10584 -31.9644 12.0287 -28.0188 13.8894 -30.6027 9.0149 -26.9917
0 65.3229 -30.773 66.7085 -29.8135 71.1166 -30.4367 67.6757 -25.4679
1 65.7542 -32.9167 65.3229 -30.7731 59.85 -32.7038 71.1166 -30.4367
1 66.7085 -29.8135 73.5182 -28.5653 71.1166 -30.4367 70.609 -27.6673
1 25.2007 -40.3287 23.8907 -35.8516 15.4822 -42.0149 34.2953 -36.5102
1 11.2783 -38.7944 23.8907 -35.8516 15.4822 -42.0149 13.6229 -34.046
1 73.6267 -37.5839 73.5182 -28.5653 71.1166 -30.4367 75.9641 -30.3784
0 87.4128 -33.4503 86.3287 -30.5717 81.7815 -30.3723 89.6144 -27.4221
0 7.82018 -32.8042 9.10584 -31.9644 13.6229 -34.046 9.0149 -26.9917
1 7.68799 -33.7642 7.82018 -32.8042 13.6229 -34.046 1.89784 -32.4315
1 69.3875 -39.4899 65.7542 -32.9167 60.8017 -36.1382 71.1166 -30.4367
1 56.281 -35.5419 65.7542 -32.9167 60.8017 -36.1382 59.85 -32.7038
0 87.4128 -33.4503 88.8646 -33.3832 90.1611 -39.2498 89.6144 -27.4221
1 82.376 -38.2046 87.4128 -33.4503 90.1611 -39.2498 81.7815 -30.3723
1 88.8646 -33.3832 92.7428 -34.9389 90.1611 -39.2498 93.8558 -30.0388
1 11.2783 -38.7944 7.68799 -33.7642 6.02565 -39.4685 13.6229 -34.046
0 5.75636 -34.8973 7.68799 -33.7642 6.02565 -39.4685 1.89784 -32.4315
1 78.8799 -37.0737 82.376 -38.2047 77.307 -44.205 81.7815 -30.3723
1 73.6267 -37.5839 78.8799 -37.0737 77.307 -44.205 75.9641 -30.3784
1 94.1115 -41.9611 92.7428 -34.9389 90.1611 -39.2498 96.7545 -37.9647
0 69.3875 -39.4899 73.6267 -37.5839 77.307 -44.205 71.1166 -30.4367
0 47.9799 -39.097 50.5533 -39.5049 49.3181 -47.9788 51.999 -31.0644
0 46.3594 -40.3286 47.9799 -39.097 49.3181 -47.9788 39.7809 -35.4293
1 68.4129 -41.484 69.3875 -39.4899 77.307 -44.205 60.8017 -36.1382
1 -1.29207 -48.6359 5.75636 -34.8973 6.02565 -39.4685 1.8862 -37.3448
1 84.2228 -42.9952 82.376 -38.2047 77.307 -44.205 90.1611 -39.2498
1 25.2007 -40.3287 38.0599 -41.1554 33.7315 -45.2803 34.2953 -36.5102
0 24.8856 -42.0898 25.2007 -40.3287 33.7315 -45.2803 15.4822 -42.0149
1 89.7161 -72.7241 100 -65.7897 96.7064 -74.3714 90.8094 -65.6261
1 100 -53.1318 100 -53.1318 90.8094 -65.6261 96.7545 -37.9647
1 50.5533 -39.5049 53.1957 -40.2504 49.3181 -47.9788 53.9295 -31.6351
0 53.1957 -40.2504 56.281 -35.5419 60.8017 -36.1382 53.9295 -31.6351
0 53.1957 -40.2504 53.4991 -40.5447 49.3181 -47.9788 60.8017 -36.1382
1 53.4991 -40.5447 68.4129 -41.484 60.1911 -45.8326 60.8017 -36.1382
1 55.1938 -49.1306 53.4991 -40.5447 49.3181 -47.9788 60.1911 -45.8326
1 -80.1142 -57.6767 -55.592 -45.1777 -54.9872 -52.9481 -61.5244 -40.1227
0 -83.9637 -68.048 -80.1142 -57.6767 -54.9872 -52.9481 -96.0712 -37.6992
1 45.6882 -49.4919 46.3594 -40.3286 49.3181 -47.9788 42.3174 -47.466
1 39.178 -41.842 46.3594 -40.3286 42.3174 -47.466 39.7809 -35.4293
0 68.5685 -43.1198 68.4129 -41.484 60.1911 -45.8326 77.307 -44.205
1 100 -55.6015 100 -55.6015 90.8094 -65.6261 90.8877 -45.5057
0 94.1115 -41.9611 100 -46.5423 90.8877 -45.5057 96.7545 -37.9647
1 34.0895 -53.005 24.8856 -42.0898 26.5363 -51.3474 33.7315 -45.2803
0 23.6323 -43.5743 24.8856 -42.0898 26.5363 -51.3474 15.4822 -42.0149
1 9.68365 -44.7165 11.2783 -38.7944 15.4822 -42.0149 6.02565 -39.4685
0 -27.9271 -67.2728 -27.3248 -62.9733 2.02747 -60.9345 -54.9872 -52.9481
1 -55.592 -45.1777 -27.3248 -62.9733 -54.9872 -52.9481 -48.3238 -42.3637
1 69.6399 -48.2984 68.5685 -43.1198 60.9779 -47.5833 77.307 -44.205
1 55.1938 -49.1306 68.5685 -43.1198 60.9779 -47.5833 60.1911 -45.8326
0 38.0599 -41.1554 39.178 -41.842 33.7315 -45.2803 39.7809 -35.4293
1 21.0762 -50.941 23.6323 -43.5743 26.5363 -51.3474 16.5378 -47.8782
1 11.4748 -45.763 23.6323 -43.5743 16.5378 -47.8782 15.4822 -42.0149
1 -83.9637 -68.048 -35.5696 -86.5464 -72.4474 -98.6261 -54.9872 -52.9481
0 38.5091 -44.4692 39.178 -41.842 42.3174 -47.466 33.7315 -45.2803
0 84.2228 -42.9952 85.4817 -42.9635 90.3424 -46.4364 90.1611 -39.2498
0 83.9601 -44.5294 84.2228 -42.9952 90.3424 -46.4364 77.307 -44.205
1 85.5572 -56.1534 100 -55.8019 90.8094 -65.6261 90.3424 -46.4364
1 85.4817 -42.9635 100 -51.4697 90.3424 -46.4364 90.8877 -45.5057
1 -27.9271 -67.2728 2.52222 -65.2129 2.60822 -69.5189 2.02747 -60.9345
0 -29.8949 -74.1123 -27.9271 -67.2728 2.60822 -69.5189 -54.9872 -52.9481
0 -2.1684 -49.1643 -1.29207 -48.6359 10.1773 -51.0945 1.8862 -37.3448
1 -2.1684 -49.1643 6.85935 -56.6414 2.02747 -60.9345 10.1773 -51.0945
1 -1.29207 -48.6359 9.68365 -44.7165 10.1773 -51.0945 6.02565 -39.4685
1 85.4817 -42.9635 94.1115 -41.9611 90.8877 -45.5057 90.1611 -39.2498
1 85.5571 -56.1534 83.9602 -44.5294 78.3287 -48.087 90.3424 -46.4364
1 69.6399 -48.2984 83.9602 -44.5294 78.3287 -48.087 77.307 -44.205
0 9.68365 -44.7165 11.4748 -45.763 10.1773 -51.0945 15.4822 -42.0149
0 69.4697 -54.1582 69.6399 -48.2984 78.3287 -48.087 60.9779 -47.5833
1 44.015 -51.3394 38.5091 -44.4692 40.6043 -48.8389 42.3174 -47.466
1 34.0895 -53.005 38.5091 -44.4692 40.6043 -48.8389 33.7315 -45.2803
1 14.5039 -51.7533 11.4748 -45.763 10.1773 -51.0945 16.5378 -47.8782
1 -29.8949 -74.1123 5.15586 -74.3792 2.53451 -79.2 2.60822 -69.5189
0 -35.5696 -86.5464 -29.8949 -74.1123 2.53451 -79.2 -54.9872 -52.9481
0 55.2955 -52.1289 55.1938 -49.1306 49.3181 -47.9788 60.9779 -47.5833
1 74 -60.2445 69.4697 -54.1582 61.1116 -60.9021 78.3287 -48.087
1 56.1417 -54.2919 69.4697 -54.1582 61.1116 -60.9021 60.9779 -47.5833
0 56.1417 -54.2919 55.2955 -52.1289 48.0371 -52.6461 60.9779 -47.5833
1 45.6882 -49.4919 55.2955 -52.1289 48.0371 -52.6461 49.3181 -47.9788
0 35.0906 -58.6193 34.0895 -53.005 26.5363 -51.3474 40.6043 -48.8389
1 83.338 -57.7325 85.5572 -56.1534 90.8094 -65.6261 78.3287 -48.087
1 25.7806 -62.6292 21.0762 -50.941 17.4201 -55.0166 26.5363 -51.3474
1 14.5039 -51.7533 21.0762 -50.941 17.4201 -55.0166 16.5378 -47.8782
1 44.015 -51.3394 45.6882 -49.4919 48.0371 -52.6461 42.3174 -47.466
1 52.584 -59.9261 56.1418 -54.2919 61.1116 -60.9021 48.0371 -52.6461
1 89.7161 -72.7241 83.338 -57.7325 83.844 -68.5894 90.8094 -65.6261
1 74 -60.2445 83.338 -57.7325 83.844 -68.5894 78.3287 -48.087
0 41.1946 -56.8455 44.015 -51.3394 48.0371 -52.6461 40.6043 -48.8389
1 72.269 -65.3631 74 -60.2445 83.844 -68.5894 61.1116 -60.9021
1 13.3032 -53.9705 14.5039 -51.7533 17.4201 -55.0166 10.1773 -51.0945
0 35.0906 -58.6193 41.1946 -56.8455 44.9873 -63.9215 40.6043 -48.8389
0 34.7272 -59.1526 35.0906 -58.6193 44.9873 -63.9215 26.5363 -51.3474
1 -32.0841 -100 -35.5696 -86.5464 -72.4474 -98.6261 2.53451 -79.2
0 37.4918 -63.8308 34.7272 -59.1526 33.9559 -70.4405 44.9873 -63.9215
1 25.7806 -62.6292 34.7272 -59.1526 33.9559 -70.4405 26.5363 -51.3474
1 41.1946 -56.8455 52.584 -59.9261 44.9873 -63.9215 48.0371 -52.6461
1 18.366 -60.7645 13.3032 -53.9705 13.1285 -58.2146 17.4201 -55.0166
1 6.85935 -56.6414 13.3032 -53.9705 13.1285 -58.2146 10.1773 -51.0945
0 7.08641 -57.5682 6.85935 -56.6414 2.02747 -60.9345 13.1285 -58.2146
1 23.5751 -64.9938 25.7806 -62.6292 33.9559 -70.4405 17.4201 -55.0166
1 53.7685 -66.2516 52.584 -59.9261 44.9873 -63.9215 61.1116 -60.9021
0 7.08641 -57.5682 9.0247 -58.8257 10.1394 -62.8221 13.1285 -58.2146
1 5.54646 -64.1859 7.08641 -57.5682 10.1394 -62.8221 2.02747 -60.9345
1 19.8999 -73.3456 23.575 -64.9938 33.9559 -70.4405 12.5464 -61.0194
0 18.366 -60.7645 23.575 -64.9938 12.5464 -61.0194 17.4201 -55.0166
1 77.9831 -77.3114 72.269 -65.3631 67.5145 -76.3987 83.844 -68.5894
0 65.1699 -68.2964 72.269 -65.3631 67.5145 -76.3987 61.1116 -60.9021
1 9.0247 -58.8257 18.366 -60.7645 12.5464 -61.0194 13.1285 -58.2146
1 19.8999 -73.3456 9.02471 -58.8257 10.1394 -62.8221 12.5464 -61.0194
1 37.4918 -63.8308 43.7843 -69.5164 38.3397 -71.2787 44.9873 -63.9215
1 34.8649 -77.5691 37.4918 -63.8308 38.3397 -71.2787 33.9559 -70.4405
1 53.7685 -66.2516 57.1727 -68.8387 50.5809 -74.7591 61.1116 -60.9021
0 49.6347 -68.3851 53.7685 -66.2516 50.5809 -74.7591 44.9873 -63.9215
0 19.0064 -76.1389 19.8999 -73.3456 33.9559 -70.4405 10.1394 -62.8221
1 5.54645 -64.1859 19.0064 -76.1389 4.73505 -68.9078 10.1394 -62.8221
1 2.52222 -65.2129 5.54645 -64.1859 4.73505 -68.9078 2.02747 -60.9345
0 64.8506 -75.8182 65.1699 -68.2964 67.5145 -76.3987 62.147 -76.1708
1 57.1727 -68.8387 65.1699 -68.2964 62.147 -76.1708 61.1116 -60.9021
1 55.5677 -81.9884 57.1727 -68.8387 62.147 -76.1708 50.5809 -74.7591
0 18.9441 -77.3272 19.0064 -76.1389 33.9559 -70.4405 4.73505 -68.9078
0 19.5016 -79.3272 18.9441 -77.3272 2.53451 -79.2 33.9559 -70.4405
0 5.15586 -74.3792 18.9441 -77.3272 2.53451 -79.2 4.73505 -68.9078
1 5.15586 -74.3792 2.52222 -65.2129 2.60822 -69.5189 4.73505 -68.9078
0 48.803 -74.3698 49.6347 -68.3851 50.5809 -74.7591 46.9863 -74.2595
1 43.7843 -69.5164 49.6347 -68.3851 46.9863 -74.2595 44.9873 -63.9215
0 19.5016 -79.3272 20.3367 -79.5669 27.0417 -94.5274 33.9559 -70.4405
0 18.28 -81.2805 19.5016 -79.3272 27.0417 -94.5274 2.53451 -79.2
0 20.3367 -79.5669 25.9951 -80.5872 29.9103 -92.8755 33.9559 -70.4405
1 32.103 -100 20.3367 -79.5669 27.0417 -94.5274 29.9103 -92.8755
1 -17.6867 -100 18.28 -81.2805 10.9508 -95.3705 2.53451 -79.2
1 -30.6312 -100 -30.6312 -100 -72.4474 -98.6261 10.9508 -95.3705
1 41.2677 -76.8165 43.7843 -69.5164 46.9863 -74.2595 38.3397 -71.2787
0 18.853 -92.2155 18.28 -81.2805 10.9508 -95.3705 27.0417 -94.5274
0 87.0061 -78.7527 89.7161 -72.7241 96.7064 -74.3714 83.844 -68.5894
0 80.1491 -80.5928 77.9831 -77.3114 67.6595 -79.2725 83.844 -68.5894
1 66.1163 -77.9097 77.9831 -77.3114 67.6595 -79.2725 67.5145 -76.3987
0 25.9951 -80.5872 34.8649 -77.5691 38.4925 -83.7727 33.9559 -70.4405
0 25.9951 -80.5872 31.7597 -86.0221 29.9103 -92.8755 38.4925 -83.7727
0 80.1491 -80.5928 82.0728 -81.7552 71.2416 -89.4467 83.844 -68.5894
0 78.9548 -81.0133 80.1491 -80.5928 71.2416 -89.4467 67.6595 -79.2725
0 82.0728 -81.7552 87.0061 -78.7527 94.5807 -86.2304 83.844 -68.5894
0 82.5771 -85.4143 82.0729 -81.7552 71.2416 -89.4467 94.5807 -86.2304
1 61.4552 -90.6863 78.9548 -81.0133 71.2416 -89.4467 67.7106 -83.0587
1 65.3481 -81.1972 78.9548 -81.0133 67.7106 -83.0587 67.6595 -79.2725
1 34.8649 -77.5691 40.158 -77.5044 38.4925 -83.7727 38.3397 -71.2787
0 41.2677 -76.8165 45.3751 -77.9244 44.9248 -81.9024 46.9863 -74.2595
0 40.158 -77.5044 41.2677 -76.8165 44.9248 -81.9024 38.3397 -71.2787
1 42.6469 -86.0645 40.158 -77.5044 38.4925 -83.7727 44.9248 -81.9024
1 55.5677 -81.9884 48.803 -74.3698 48.9791 -76.1813 50.5809 -74.7591
1 45.3751 -77.9244 48.803 -74.3698 48.9791 -76.1813 46.9863 -74.2595
1 66.1163 -77.9097 64.8506 -75.8182 64.129 -78.4475 67.5145 -76.3987
1 55.5692 -83.8982 64.8506 -75.8182 64.129 -78.4475 62.147 -76.1708
0 55.5692 -83.8982 55.5677 -81.9884 48.9791 -76.1813 62.147 -76.1708
1 77.6958 -100 82.5771 -85.4143 89.202 -95.4574 71.2416 -89.4467
0 55.5133 -84.2718 55.5692 -83.8982 64.129 -78.4475 48.9791 -76.1813
1 55.5133 -84.2718 58.4841 -86.5286 52.2125 -94.1336 64.129 -78.4475
0 54.5714 -84.4414 55.5133 -84.2718 52.2125 -94.1336 48.9791 -76.1813
1 45.3751 -77.9244 54.5714 -84.4414 44.9248 -81.9024 48.9791 -76.1813
0 52.0808 -85.9254 54.5714 -84.4414 52.2125 -94.1336 44.9248 -81.9024
1 65.3481 -81.1972 66.1163 -77.9097 67.6595 -79.2725 64.129 -78.4475
1 8.59 -100 18.853 -92.2155 13.6845 -98.9747 10.9508 -95.3705
1 -29.3863 -100 -29.3863 -100 13.6845 -98.9747 -72.4474 -98.6261
0 58.4841 -86.5286 65.3481 -81.1972 67.7106 -83.0587 64.129 -78.4475
1 61.4552 -90.6863 58.4841 -86.5286 52.2125 -94.1336 67.7106 -83.0587
0 48.8874 -91.6809 52.0808 -85.9254 52.2125 -94.1336 45.0465 -90.1576
1 42.6469 -86.0645 52.0808 -85.9254 45.0465 -90.1576 44.9248 -81.9024
1 31.7597 -86.0221 40.4591 -88.3102 36.5144 -91.293 38.4925 -83.7727
1 35.1092 -100 31.7597 -86.0221 29.9103 -92.8755 36.5144 -91.293
1 63.7492 -100 61.4552 -90.6863 52.2125 -94.1336 71.2416 -89.4467
1 40.4591 -88.3102 42.6469 -86.0645 45.0465 -90.1576 38.4925 -83.7727
0 40.5379 -88.902 40.4591 -88.3102 36.5144 -91.293 45.0465 -90.1576
1 21.4448 -100 18.853 -92.2155 13.6845 -98.9747 27.0417 -94.5274
1 40.5379 -88.902 46.3569 -92.9701 43.2655 -92.7052 45.0465 -90.1576
1 38.2163 -100 40.5379 -88.902 43.2655 -92.7052 36.5144 -91.293
1 50.8232 -97.1149 48.8874 -91.6809 47.8619 -95.6835 52.2125 -94.1336
1 46.3569 -92.9701 48.8874 -91.6809 47.8619 -95.6835 45.0465 -90.1576
1 61.9899 -100 61.9899 -100 47.9565 -99.8239 71.2416 -89.4467
0 52.4863 -98.7752 54.1239 -100 47.9565 -99.8239 52.2125 -94.1336
1 43.7 -97.0706 46.3569 -92.9701 47.8619 -95.6835 43.2655 -92.7052
0 39.9425 -100 40.2108 -99.8232 47.9565 -99.8239 43.2655 -92.7052
1 38.924 -100 38.924 -100 47.9565 -99.8239 36.5144 -91.293
1 37.5279 -100 37.5279 -100 47.9565 -99.8239 29.9103 -92.8755
1 36.7839 -100 36.7839 -100 47.9565 -99.8239 27.0417 -94.5274
0 40.2108 -99.8232 43.7 -97.0706 47.8443 -98.5094 43.2655 -92.7052
1 40.2108 -99.8232 52.4863 -98.7752 47.9565 -99.8239 47.8443 -98.5094
1 43.7 -97.0706 50.8232 -97.1149 47.8443 -98.5094 47.8619 -95.6835
0 50.8232 -97.1149 52.4863 -98.7751 47.8443 -98.5094 52.2125 -94.1336
1 30.8056 -100 30.8056 -100 47.9565 -99.8239 13.6845 -98.9747
