1 50.1475 -100 50.1475 -100 18.3718 -94.9713 78.7142 -85.2037
0 87.4916 -80.9935 100 -91.8951 78.7142 -85.2037 90.4631 -71.7232
1 86.6678 -53.4097 100 -55.1844 90.4631 -71.7232 95.1216 -36.7267
1 100 -1.44988 100 -1.44988 95.1216 -36.7267 88.5484 32.2713
1 100 64.4013 100 64.4013 88.5484 32.2713 74.52 87.0783
1 37.8391 100 37.8391 100 74.52 87.0783 -1.04511 99.3091
1 -43.9012 100 -43.9012 100 -85.7805 90.8763 -1.04511 99.3091
1 -100 85.0765 -82.3205 74.4984 -98.3884 69.8044 -85.7805 90.8763
1 -100 34.7834 -100 34.7834 -99.2817 -0.267271 -98.3884 69.8044
1 -100 -46.5201 -100 -46.5201 -94.0436 -92.3934 -99.2817 -0.267271
1 -49.6833 -100 -49.6833 -100 -4.95778 -94.9674 -94.0436 -92.3934
1 6.70614 -100 6.70853 -85.8833 18.3718 -94.9713 -4.95778 -94.9674
1 -3.44939 92.4708 -5.61543 100 -9.11994 96.9861 -1.04511 99.3091
1 -47.9339 100 -47.9339 100 -85.7805 90.8763 -9.11994 96.9861
1 -14.4806 86.4741 -20.1145 100 -25.7186 90.0724 -9.11994 96.9861
1 -55.622 100 -55.622 100 -25.7186 90.0724 -85.7805 90.8763
1 -41.95 83.443 -45.1495 100 -59.4827 83.5478 -25.7186 90.0724
1 -74.0699 82.0508 -69.0679 100 -59.4827 83.5478 -85.7805 90.8763
1 49.7515 100 49.7515 100 27.7288 82.8115 74.52 87.0783
0 17.7605 98.767 18.4674 100 27.7288 82.8115 -1.04511 99.3091
0 53.5657 93.9327 52.1911 100 37.6113 78.7167 74.52 87.0783
1 27.1552 67.4542 40.6403 100 37.6113 78.7167 27.7288 82.8115
1 100 62.3006 100 62.3006 88.5484 32.2713 73.3003 80.1899
1 59.6601 86.1573 100 79.0145 73.3003 80.1899 74.52 87.0783
1 17.7225 72.8302 17.7605 98.767 27.7288 82.8115 7.7455 82.8408
0 4.22701 91.543 17.7605 98.767 7.7455 82.8408 -1.04511 99.3091
0 59.6601 86.1573 53.5657 93.9327 55.2159 71.9476 74.52 87.0783
1 42.6537 65.5536 53.5657 93.9327 55.2159 71.9476 37.6113 78.7167
1 -100 63.3867 -85.6955 68.9986 -94.4544 59.7768 -98.3884 69.8044
1 -100 30.0066 -100 30.0066 -99.2817 -0.267271 -94.4544 59.7768
1 80.7004 32.3899 100 54.6571 88.5484 32.2713 79.468 40.1415
1 100 63.8027 100 63.8027 79.468 40.1415 73.3003 80.1899
0 60.9735 83.2755 59.6601 86.1573 55.2159 71.9476 73.3003 80.1899
0 -41.1938 80.3553 -41.95 83.443 -59.4079 81.8217 -25.7186 90.0724
1 -74.0699 82.0508 -41.95 83.443 -59.4079 81.8217 -59.4827 83.5478
1 0.485319 75.2971 4.22701 91.543 7.7455 82.8408 -2.7436 85.2566
1 -3.44941 92.4708 4.22701 91.543 -2.7436 85.2566 -1.04511 99.3091
1 -14.4806 86.4741 -3.44941 92.4708 -2.7436 85.2566 -9.11994 96.9861
1 -41.1938 80.3553 -15.5734 81.2606 -25.0714 71.7547 -25.7186 90.0724
1 -44.3018 69.7544 -41.1938 80.3553 -25.0714 71.7547 -59.4079 81.8217
0 -15.5734 81.2606 -14.4806 86.4741 -2.7436 85.2566 -25.7186 90.0724
0 -76.2467 75.7105 -74.0699 82.0508 -59.4079 81.8217 -85.7805 90.8763
0 74.9225 49.7592 100 63.4063 79.468 40.1415 69.3148 58.7988
1 68.2582 70.0625 100 64.1485 69.3148 58.7988 73.3003 80.1899
1 68.2582 70.0625 60.9735 83.2755 57.0028 71.2047 73.3003 80.1899
1 54.928 68.7347 60.9735 83.2755 57.0028 71.2047 55.2159 71.9476
1 -13.1815 77.3052 -15.5734 81.2606 -25.0714 71.7547 -2.7436 85.2566
1 -76.2468 75.7105 -67.7098 68.5934 -79.2286 58.0469 -59.4079 81.8217
0 -82.3205 74.4984 -76.2468 75.7105 -79.2286 58.0469 -85.7805 90.8763
0 -85.6955 68.9986 -82.3205 74.4984 -79.2286 58.0469 -98.3884 69.8044
1 -13.1815 77.3052 0.485324 75.2971 -5.47196 66.6873 -2.7436 85.2566
1 -17.9042 59.0388 -13.1815 77.3052 -5.47196 66.6873 -25.0714 71.7547
1 -41.0918 62.9075 -44.3018 69.7544 -58.1396 56.2515 -25.0714 71.7547
1 -67.7098 68.5934 -44.3018 69.7544 -58.1396 56.2515 -59.4079 81.8217
1 17.7225 72.8302 26.0554 67.4193 12.6752 59.6287 27.7288 82.8115
1 6.43098 70.4321 17.7225 72.8302 12.6752 59.6287 7.7455 82.8408
1 0.485324 75.2971 6.43098 70.4321 -5.47196 66.6873 7.7455 82.8408
1 -68.7812 56.0089 -67.7098 68.5934 -58.1396 56.2515 -79.2286 58.0469
1 1.77033 58.4499 6.43098 70.4321 12.6752 59.6287 -5.47196 66.6873
0 26.0554 67.4193 27.1552 67.4542 28.703 52.1644 27.7288 82.8115
1 20.5444 55.5859 26.0554 67.4193 28.703 52.1644 12.6752 59.6287
1 27.1552 67.4542 40.868 62.8535 28.703 52.1644 37.6113 78.7167
1 -87.301 54.8676 -85.6955 68.9986 -79.2286 58.0469 -94.4544 59.7768
0 66.333 68.1519 68.2582 70.0625 69.3148 58.7988 57.0028 71.2047
1 -36.4572 55.9735 -41.0918 62.9075 -55.3929 51.4878 -25.0714 71.7547
1 -63.5049 49.9842 -41.0918 62.9074 -55.3929 51.4878 -58.1396 56.2515
0 42.6537 65.5536 54.928 68.7347 56.7402 66.0661 55.2159 71.9476
0 40.868 62.8536 42.6537 65.5536 56.7402 66.0661 37.6113 78.7167
1 42.8079 58.9413 40.868 62.8536 28.703 52.1644 56.7402 66.0661
1 61.2855 59.4183 66.333 68.1519 69.3148 58.7988 56.7402 66.0661
1 54.928 68.7347 66.333 68.1519 56.7402 66.0661 57.0028 71.2047
1 -36.4572 55.9735 -18.2118 58.76 -20.8799 44.3102 -25.0714 71.7547
0 -37.0689 53.0319 -36.4572 55.9735 -20.8799 44.3102 -55.3929 51.4878
1 42.8079 58.9413 61.2855 59.4183 57.0893 52.5448 56.7402 66.0661
1 43.0996 37.1714 42.8079 58.9413 28.703 52.1644 57.0893 52.5448
1 -17.9042 59.0388 1.77033 58.4499 -5.95167 50.6604 -5.47196 66.6873
0 -18.2118 58.76 -17.9042 59.0388 -5.95167 50.6604 -25.0714 71.7547
0 -15.6933 52.8393 -18.2118 58.76 -20.8799 44.3102 -5.95167 50.6604
0 -33.0195 47.7245 -37.0689 53.0319 -32.9326 35.1143 -20.8799 44.3102
0 -42.7819 45.1952 -37.0689 53.0319 -32.9326 35.1143 -55.3929 51.4878
1 5.07277 51.5909 1.77033 58.4499 -5.95167 50.6604 12.6752 59.6287
1 65.4571 51.2635 61.2855 59.4183 57.0893 52.5448 69.3148 58.7988
1 -100 44.6674 -87.301 54.8676 -84.0501 46.8238 -94.4544 59.7768
1 -100 25.9739 -100 25.9739 -99.2817 -0.267271 -84.0501 46.8238
1 -65.2581 49.852 -68.7812 56.0089 -74.3822 46.9573 -58.1396 56.2515
1 -79.2787 51.4212 -68.7812 56.0089 -74.3822 46.9573 -79.2286 58.0469
1 -100 29.228 -80.6683 27.2814 -87.8785 8.80555 -84.0501 46.8238
1 -85.9147 -5.36507 -100 12.338 -99.2817 -0.267271 -87.8785 8.80555
1 23.9494 44.2352 20.5444 55.5859 15.6163 48.2386 28.703 52.1644
1 5.07277 51.5909 20.5444 55.5859 15.6163 48.2386 12.6752 59.6287
1 -87.301 54.8676 -79.2787 51.4212 -84.0501 46.8238 -79.2286 58.0469
1 -15.6933 52.8393 0.744651 39.4724 -11.5738 43.7467 -5.95167 50.6604
1 -16.7076 36.0901 -15.6933 52.8393 -11.5738 43.7467 -20.8799 44.3102
1 4.73411 48.5748 5.07277 51.5909 15.6163 48.2386 -5.95167 50.6604
1 71.4836 33.9724 74.9225 49.7592 79.468 40.1415 66.7885 42.9036
1 65.4571 51.2635 74.9225 49.7592 66.7885 42.9036 69.3148 58.7988
1 -33.0195 47.7245 -16.7076 36.0901 -25.8384 37.3584 -20.8799 44.3102
1 -26.5777 27.3602 -33.0195 47.7245 -32.9326 35.1143 -25.8384 37.3584
1 49.5975 35.3086 65.4571 51.2635 66.7885 42.9036 57.0893 52.5448
1 4.73411 48.5748 23.9494 44.2352 14.7046 44.2017 15.6163 48.2386
1 1.92351 39.586 4.73411 48.5748 14.7046 44.2017 -5.95167 50.6604
0 -65.2581 49.852 -63.5049 49.9842 -57.2606 44.592 -58.1396 56.2515
1 -66.3348 42.0586 -65.2581 49.852 -57.2606 44.592 -74.3822 46.9573
0 -40.8946 35.0682 -42.7819 45.1952 -48.3386 32.2431 -32.9326 35.1143
0 -44.0746 44.7213 -42.7819 45.1952 -48.3386 32.2431 -55.3929 51.4878
1 -63.5049 49.9842 -44.0746 44.7213 -57.2606 44.592 -55.3929 51.4878
1 -78.9644 28.663 -79.2787 51.4212 -84.0501 46.8238 -74.3822 46.9573
0 43.2286 36.9453 43.0997 37.1714 22.7452 32.9582 57.0893 52.5448
1 24.7254 42.8711 43.0997 37.1714 22.7452 32.9582 28.703 52.1644
1 -53.5484 37.8766 -44.0746 44.7213 -48.3386 32.2431 -57.2606 44.592
0 43.2285 36.9453 49.5975 35.3086 47.851 16.5959 57.0893 52.5448
0 37.9467 28.841 43.2285 36.9453 47.851 16.5959 22.7452 32.9582
1 49.5975 35.3086 59.4426 28.2216 47.851 16.5959 66.7885 42.9036
0 24.7254 42.8711 23.9494 44.2352 14.7046 44.2017 28.703 52.1644
1 9.16615 31.7442 1.92351 39.586 -3.69139 27.2113 14.7046 44.2017
0 0.744651 39.4724 1.9235 39.586 -3.69139 27.2113 -5.95167 50.6604
1 9.16615 31.7442 24.7254 42.8711 22.7452 32.9582 14.7046 44.2017
1 -13.7295 32.5726 0.744651 39.4724 -3.69139 27.2113 -11.5738 43.7467
1 -66.3348 42.0586 -53.5484 37.8766 -60.5115 34.6526 -57.2606 44.592
1 -77.7235 29.2203 -66.3348 42.0586 -60.5115 34.6526 -74.3822 46.9573
1 -100 -42.8817 -100 -42.8817 -90.9207 -84.5238 -99.2817 -0.267271
1 -100 -85.4752 -77.8512 -94.2648 -94.0436 -92.3934 -90.9207 -84.5238
0 -78.9644 28.663 -77.7235 29.2203 -62.2463 19.9349 -74.3822 46.9573
0 -80.6683 27.2814 -78.9644 28.663 -62.2463 19.9349 -84.0501 46.8238
0 -77.7235 29.2203 -63.3326 27.524 -62.2463 19.9349 -60.5115 34.6526
1 -71.0829 5.20495 -80.6683 27.2814 -87.8785 8.80555 -62.2463 19.9349
1 -55.4438 28.3015 -53.5484 37.8766 -48.3386 32.2431 -60.5115 34.6526
1 11.4092 21.4261 9.16615 31.7442 -3.69139 27.2113 22.7452 32.9582
0 -15.2913 32.9275 -16.7076 36.0901 -25.8384 37.3584 -11.5738 43.7467
0 59.4426 28.2216 64.4808 29.884 74.0837 20.7945 66.7885 42.9036
1 62.9144 6.52986 59.4426 28.2216 47.851 16.5959 74.0837 20.7945
1 37.1363 -10.0115 37.9467 28.841 47.851 16.5959 27.5404 17.0196
1 12.0222 21.0415 37.9467 28.841 27.5404 17.0196 22.7452 32.9582
1 -15.2913 32.9275 -13.7295 32.5726 -16.6152 21.5644 -11.5738 43.7467
1 -26.0024 26.6726 -15.2913 32.9275 -16.6152 21.5644 -25.8384 37.3584
1 71.4836 33.9724 80.7004 32.3899 76.9531 25.4933 79.468 40.1415
0 64.4808 29.884 71.4836 33.9724 76.9531 25.4933 66.7885 42.9036
1 -5.58642 13.9358 -13.7295 32.5726 -16.6152 21.5644 -3.69139 27.2113
1 64.4808 29.884 91.9817 13.0905 74.0837 20.7945 76.9531 25.4933
1 -40.8946 35.0682 -26.5777 27.3602 -36.5495 28.3961 -32.9326 35.1143
1 -45.0447 22.3501 -40.8946 35.0682 -36.5495 28.3961 -48.3386 32.2431
1 91.9817 13.0905 80.7004 32.3899 76.9531 25.4933 88.5484 32.2713
0 11.4092 21.4261 12.0222 21.0415 5.95853 6.20156 22.7452 32.9582
1 -5.14974 13.8204 11.4092 21.4261 5.95853 6.20156 -3.69139 27.2113
0 -26.0024 26.6726 -26.5777 27.3602 -36.5495 28.3961 -25.8384 37.3584
1 -29.4636 16.5731 -26.0024 26.6726 -16.6152 21.5644 -36.5495 28.3961
0 83.0052 -23.0951 100 -7.29868 95.1216 -36.7267 70.2943 -10.0161
1 100 2.24448 100 2.24448 70.2943 -10.0161 88.5484 32.2713
1 25.393 -5.6332 12.0222 21.0415 5.95853 6.20156 27.5404 17.0196
1 -55.4438 28.3015 -48.6022 21.6587 -59.1742 21.0833 -48.3386 32.2431
1 -63.3326 27.524 -55.4438 28.3015 -59.1742 21.0833 -60.5115 34.6526
1 -58.9212 15.7231 -63.3326 27.524 -62.2463 19.9349 -59.1742 21.0833
1 62.9144 6.52986 100 1.96877 70.2943 -10.0161 74.0837 20.7945
0 100 2.98465 91.9817 13.0905 74.0837 20.7945 88.5484 32.2713
1 -45.0447 22.3501 -29.4636 16.5731 -42.5444 12.2274 -36.5495 28.3961
1 -48.0402 21.483 -45.0447 22.3501 -42.5444 12.2274 -48.3386 32.2431
1 -48.5281 11.5313 -48.0402 21.483 -42.5444 12.2274 -54.415 12.8094
0 -48.6022 21.6587 -48.0402 21.483 -54.415 12.8094 -48.3386 32.2431
1 -58.9212 15.7231 -48.6022 21.6587 -54.415 12.8094 -59.1742 21.0833
0 -26.2496 7.64779 -29.4636 16.5731 -42.5444 12.2274 -16.6152 21.5644
0 -100 -25.6496 -93.8696 -23.3106 -82.5566 -44.1026 -99.2817 -0.267271
0 -100 -61.5691 -95.2808 -62.5456 -90.9207 -84.5238 -82.5566 -44.1026
0 -5.58642 13.9358 -5.14974 13.8204 -10.4963 1.45696 -3.69139 27.2113
1 -26.2496 7.64779 -5.58642 13.9358 -10.4963 1.45696 -16.6152 21.5644
1 0.828194 -6.91167 -5.14974 13.8204 -10.4963 1.45696 5.95853 6.20156
1 48.1697 -5.90517 62.9144 6.52986 70.2943 -10.0161 47.851 16.5959
1 -26.9759 5.48663 -26.2496 7.64779 -10.4963 1.45696 -42.5444 12.2274
1 -19.9822 -5.47101 -26.9759 5.48663 -30.2604 -11.1576 -10.4963 1.45696
1 -41.078 -1.92112 -26.9759 5.48664 -30.2604 -11.1576 -42.5444 12.2274
0 -71.0829 5.20495 -69.1083 4.52681 -73.1609 -11.8461 -62.2463 19.9349
1 -85.9147 -5.36507 -71.0829 5.20496 -73.1609 -11.8461 -87.8785 8.80555
0 -69.1083 4.52681 -58.9212 15.7231 -54.415 12.8094 -62.2463 19.9349
0 -69.1083 4.5268 -68.8412 4.32374 -73.1609 -11.8461 -54.415 12.8094
1 -68.8412 4.32374 -48.5281 11.5313 -52.2929 6.82863 -54.415 12.8094
1 -51.6564 -14.8794 -68.8412 4.32374 -73.1609 -11.8461 -52.2929 6.82863
0 37.1363 -10.0115 48.1697 -5.90517 62.6393 -23.1397 47.851 16.5959
0 35.6346 -11.3239 37.1363 -10.0115 62.6393 -23.1397 27.5404 17.0196
1 34.8872 -22.4492 35.6346 -11.3239 62.6393 -23.1397 7.29207 -19.4215
0 25.393 -5.6332 35.6346 -11.3239 7.29207 -19.4215 27.5404 17.0196
1 -41.078 -1.92112 -48.5281 11.5313 -52.2929 6.82863 -42.5444 12.2274
1 0.828192 -6.91167 25.393 -5.6332 7.29207 -19.4215 5.95853 6.20156
1 48.1697 -5.90516 76.4661 -22.4105 62.6393 -23.1397 70.2943 -10.0161
1 -51.6564 -14.8794 -41.078 -1.92112 -30.2604 -11.1576 -52.2929 6.82863
1 -93.8696 -23.3106 -85.9147 -5.36507 -73.1609 -11.8461 -99.2817 -0.267271
0 -1.23085 -8.66596 0.828192 -6.91167 7.29207 -19.4215 -10.4963 1.45696
0 -51.5088 -24.0757 -51.6564 -14.8794 -73.1609 -11.8461 -30.2604 -11.1576
1 -19.9821 -5.47101 -1.23085 -8.66596 -13.3257 -15.1494 -10.4963 1.45696
0 -21.1486 -10.4193 -19.9821 -5.47101 -13.3257 -15.1494 -30.2604 -11.1576
0 35.6197 -24.2342 34.8872 -22.4492 15.6208 -42.4358 62.6393 -23.1397
1 10.2815 -31.3538 34.8872 -22.4492 15.6208 -42.4358 7.29207 -19.4215
1 -3.24847 -18.4034 -1.23085 -8.66596 7.29207 -19.4215 -13.3257 -15.1494
0 35.6197 -24.2342 54.733 -29.7995 57.8283 -39.6626 62.6393 -23.1397
0 36.4172 -36.3721 35.6197 -24.2342 15.6208 -42.4358 57.8283 -39.6626
0 -51.5088 -24.0757 -47.6441 -26.7969 -56.5077 -48.4352 -30.2604 -11.1576
1 -67.0147 -31.133 -51.5088 -24.0757 -56.5077 -48.4352 -73.1609 -11.8461
1 -93.8696 -23.3106 -67.0147 -31.133 -82.5566 -44.1026 -73.1609 -11.8461
1 -9.93426 -24.0263 -21.1486 -10.4193 -17.9999 -19.0016 -13.3257 -15.1494
1 -29.6815 -23.7566 -21.1486 -10.4193 -17.9999 -19.0016 -30.2604 -11.1576
0 -47.6441 -26.7969 -29.6815 -23.7566 -26.0819 -35.8443 -30.2604 -11.1576
1 -40.8884 -43.1219 -47.6441 -26.7969 -56.5077 -48.4352 -26.0819 -35.8443
1 79.7451 -48.7149 83.0052 -23.0951 95.1216 -36.7267 67.861 -33.2578
0 76.4661 -22.4105 83.0052 -23.0951 67.861 -33.2578 70.2943 -10.0161
1 -3.24847 -18.4034 10.2815 -31.3538 -1.77022 -28.8893 7.29207 -19.4215
1 -9.93426 -24.0263 -3.24847 -18.4034 -1.77022 -28.8893 -13.3257 -15.1494
0 66.27 -27.6725 76.4661 -22.4105 67.861 -33.2578 62.6393 -23.1397
1 -70.4977 -52.0739 -67.0147 -31.133 -56.5077 -48.4352 -82.5566 -44.1026
0 -29.6815 -23.7566 -22.3048 -27.2963 -26.0819 -35.8443 -17.9999 -19.0016
0 -11.5426 -26.6661 -9.93426 -24.0263 -1.77022 -28.8893 -17.9999 -19.0016
0 36.932 -38.9812 36.4172 -36.3721 17.8604 -47.5481 57.8283 -39.6626
1 11.9812 -47.0769 36.4172 -36.3721 17.8604 -47.5481 15.6208 -42.4358
1 -4.33528 -44.6074 -11.5426 -26.6661 -17.0612 -35.0319 -1.77022 -28.8893
1 -22.3048 -27.2963 -11.5426 -26.6661 -17.0612 -35.0319 -17.9999 -19.0016
1 -20.8705 -43.2225 -22.3048 -27.2963 -26.0819 -35.8443 -17.0612 -35.0319
0 46.2529 -49.3979 36.932 -38.9812 35.2962 -59.8245 57.8283 -39.6626
0 30.2851 -48.4216 36.932 -38.9812 35.2962 -59.8245 17.8604 -47.5481
1 2.51987 -41.3182 10.2815 -31.3538 15.6208 -42.4358 -1.77022 -28.8893
0 54.733 -29.7995 63.482 -28.2269 64.4636 -33.2891 62.6393 -23.1397
1 66.2406 -41.7798 54.733 -29.7995 57.8283 -39.6626 64.4636 -33.2891
1 66.2347 -41.1423 66.27 -27.6725 67.861 -33.2578 64.6497 -33.2494
1 63.482 -28.2269 66.27 -27.6725 64.6497 -33.2494 62.6393 -23.1397
1 66.2347 -41.1423 63.4819 -28.2269 64.4636 -33.2891 64.6497 -33.2494
1 -40.8884 -43.1219 -20.8705 -43.2225 -26.1558 -50.548 -26.0819 -35.8443
1 -41.8698 -57.2201 -40.8884 -43.1219 -26.1558 -50.548 -56.5077 -48.4352
0 2.51987 -41.3182 11.9812 -47.0769 9.53063 -52.4417 15.6208 -42.4358
0 -4.33529 -44.6074 2.51987 -41.3182 9.53063 -52.4417 -1.77022 -28.8893
0 -6.28291 -47.5822 -4.33529 -44.6074 9.53063 -52.4417 -17.0612 -35.0319
0 79.9173 -49.0683 79.7451 -48.7149 60.8283 -53.4381 95.1216 -36.7267
0 68.0707 -44.6465 79.7451 -48.7149 60.8283 -53.4381 67.861 -33.2578
1 79.9173 -49.0683 86.6678 -53.4097 74.9949 -68.0223 95.1216 -36.7267
1 52.7672 -75.4409 79.9173 -49.0683 74.9949 -68.0223 60.8283 -53.4381
0 -5.7286 -50.0782 -6.28291 -47.5822 -18.5528 -58.6787 9.53063 -52.4417
0 -14.2947 -47.0769 -6.28291 -47.5822 -18.5528 -58.6787 -17.0612 -35.0319
0 66.2406 -41.7798 66.2347 -41.1423 64.4636 -33.2891 67.861 -33.2578
0 68.0707 -44.6464 66.2406 -41.7798 57.8283 -39.6626 67.861 -33.2578
1 46.2529 -49.3979 68.0707 -44.6464 60.8283 -53.4381 57.8283 -39.6626
0 -20.8705 -43.2225 -14.2947 -47.0769 -26.1558 -50.548 -17.0612 -35.0319
1 52.7672 -75.4409 46.2529 -49.3979 35.2962 -59.8245 60.8283 -53.4381
1 -5.7286 -50.0782 8.43215 -63.0541 -2.04411 -65.0733 9.53063 -52.4417
1 -12.8799 -68.5403 -5.7286 -50.0782 -2.04411 -65.0733 -18.5528 -58.6787
1 82.0854 -72.5627 86.6678 -53.4097 90.4631 -71.7232 74.9949 -68.0223
1 -29.292 -61.1007 -14.2947 -47.0769 -18.5528 -58.6787 -26.1558 -50.548
1 28.5487 -78.2236 30.2851 -48.4216 35.2962 -59.8245 23.9836 -59.1654
0 21.658 -52.9688 30.2851 -48.4216 23.9836 -59.1654 17.8604 -47.5481
1 -70.4977 -52.0739 -56.3684 -65.2828 -73.1871 -66.2769 -56.5077 -48.4352
1 -95.2808 -62.5456 -70.4977 -52.0739 -73.1871 -66.2769 -82.5566 -44.1026
1 -95.2808 -62.5456 -78.5803 -78.7762 -90.9207 -84.5238 -73.1871 -66.2769
1 -41.8697 -57.2201 -29.292 -61.1007 -32.6467 -71.5861 -26.1558 -50.548
1 -47.98 -63.5179 -41.8698 -57.2201 -32.6467 -71.5861 -56.5077 -48.4352
1 15.5228 -53.1053 11.9812 -47.0769 9.53063 -52.4417 17.8604 -47.5481
1 -38.5723 -81.0164 -47.98 -63.5179 -49.7069 -80.7581 -32.6467 -71.5861
1 -56.3684 -65.2828 -47.98 -63.5179 -49.7069 -80.7581 -56.5077 -48.4352
1 19.1802 -76.7553 21.658 -52.9688 23.9836 -59.1654 18.1053 -58.553
1 15.5228 -53.1053 21.658 -52.9688 18.1053 -58.553 17.8604 -47.5481
1 8.43215 -63.0541 15.5228 -53.1053 18.1053 -58.553 9.53063 -52.4417
0 -59.5878 -70.5029 -56.3684 -65.2828 -49.7069 -80.7581 -73.1871 -66.2769
1 -18.3671 -73.0299 -29.292 -61.1007 -32.6467 -71.5861 -18.5528 -58.6787
0 51.8642 -79.8137 52.7672 -75.4409 74.9949 -68.0223 35.2962 -59.8245
0 11.8804 -73.7102 8.43215 -63.0541 -2.04411 -65.0733 18.1053 -58.553
1 51.8642 -79.8137 82.0854 -72.5627 77.8269 -79.826 74.9949 -68.0223
0 51.2343 -81.153 51.8642 -79.8137 77.8269 -79.826 35.2962 -59.8245
1 51.2343 -81.153 78.4638 -82.483 77.571 -85.0653 77.8269 -79.826
0 47.527 -87.3623 51.2343 -81.153 77.571 -85.0653 35.2962 -59.8245
1 -54.8434 -100 -59.5878 -70.5029 -65.7546 -83.3392 -49.7069 -80.7581
1 -78.5803 -78.7762 -59.5878 -70.5029 -65.7546 -83.3392 -73.1871 -66.2769
1 -12.8799 -68.5403 11.8804 -73.7102 -4.33677 -76.0535 -2.04411 -65.0733
0 -18.3671 -73.0299 -12.8799 -68.5403 -4.33677 -76.0535 -18.5528 -58.6787
1 49.6417 -100 47.527 -87.3623 18.3718 -94.9713 77.571 -85.0653
0 28.5487 -78.2236 47.527 -87.3623 18.3718 -94.9713 35.2962 -59.8245
0 14.2829 -76.7911 11.8804 -73.7102 -4.33677 -76.0535 18.1053 -58.553
1 14.283 -76.7911 19.1802 -76.7553 18.3718 -94.9713 18.1053 -58.553
1 6.70853 -85.8833 14.283 -76.7911 18.3718 -94.9713 -4.33677 -76.0535
1 19.1802 -76.7553 28.5487 -78.2236 18.3718 -94.9713 23.9836 -59.1654
1 -19.9649 -83.1551 -18.3671 -73.0299 -4.33677 -76.0535 -32.6467 -71.5861
1 87.4916 -80.9935 82.0854 -72.5627 77.8269 -79.826 90.4631 -71.7232
1 -77.8512 -94.2648 -78.5803 -78.7762 -90.9207 -84.5238 -65.7546 -83.3392
1 -19.0114 -85.0388 -19.9649 -83.1551 -34.9408 -91.5453 -4.33677 -76.0535
1 -38.5723 -81.0164 -19.9649 -83.1551 -34.9408 -91.5453 -32.6467 -71.5861
1 -19.0114 -85.0388 6.70853 -85.8833 -4.95778 -94.9674 -4.33677 -76.0535
1 -20.719 -100 -19.0114 -85.0388 -4.95778 -94.9674 -34.9408 -91.5453
1 -52.4405 -100 -38.5723 -81.0164 -34.9408 -91.5453 -49.7069 -80.7581
0 78.4638 -82.483 87.4916 -80.9935 78.7142 -85.2037 77.8269 -79.826
0 -76.0156 -100 -77.8512 -94.2648 -94.0436 -92.3934 -65.7546 -83.3392
1 76.3418 -100 78.4638 -82.483 78.7142 -85.2037 77.571 -85.0653
1 -53.6919 -100 -53.6919 -100 -34.9408 -91.5453 -65.7546 -83.3392
1 -64.377 -100 -64.377 -100 -94.0436 -92.3934 -34.9408 -91.5453
