1 -70 -100 -70 -90 -80 -90 -60 -90
1 -50 -100 -50 -90 -60 -90 -40 -90
1 -30 -100 -30 -90 -40 -90 -20 -90
1 -10 -100 -10 -90 -20 -90 0 -90
1 10 -100 10 -90 0 -90 20 -90
1 30 -100 30 -90 20 -90 40 -90
1 50 -100 50 -90 40 -90 60 -90
1 70 -100 70 -90 60 -90 80 -90
1 100 -100 80 -80 80 -90 90 -80
1 90 -70 100 -70 90 -80 90 -60
1 90 -50 100 -50 90 -60 90 -40
1 90 -30 100 -30 90 -40 90 -20
1 90 -10 100 -10 90 -20 90 0
1 90 10 100 10 90 0 90 20
1 90 30 100 30 90 20 90 40
1 90 50 100 50 90 40 90 60
1 90 70 100 70 90 60 90 80
1 80 80 100 100 90 80 80 90
1 70 90 70 100 60 90 80 90
1 50 90 50 100 40 90 60 90
1 30 90 30 100 20 90 40 90
1 10 90 10 100 0 90 20 90
1 -10 90 -10 100 -20 90 0 90
1 -30 90 -30 100 -40 90 -20 90
1 -50 90 -50 100 -60 90 -40 90
1 -70 90 -70 100 -80 90 -60 90
1 -80 80 -100 100 -90 80 -80 90
1 -100 70 -90 70 -90 60 -90 80
1 -100 50 -90 50 -90 40 -90 60
1 -100 30 -90 30 -90 20 -90 40
1 -100 10 -90 10 -90 0 -90 20
1 -100 -10 -90 -10 -90 -20 -90 0
1 -100 -30 -90 -30 -90 -40 -90 -20
1 -100 -50 -90 -50 -90 -60 -90 -40
1 -100 -70 -90 -70 -90 -80 -90 -60
1 -100 -100 -80 -80 -80 -90 -90 -80
1 80 80 70 90 70 80 80 90
1 60 80 70 90 70 80 60 90
1 60 80 50 90 50 80 60 90
1 40 80 50 90 50 80 40 90
1 40 80 30 90 30 80 40 90
1 20 80 30 90 30 80 20 90
1 20 80 10 90 10 80 20 90
1 -0 80 10 90 10 80 0 90
1 0 80 -10 90 -10 80 0 90
1 -20 80 -10 90 -10 80 -20 90
1 -20 80 -30 90 -30 80 -20 90
1 -40 80 -30 90 -30 80 -40 90
1 -40 80 -50 90 -50 80 -40 90
1 -60 80 -50 90 -50 80 -60 90
1 -60 80 -70 90 -70 80 -60 90
1 -80 80 -70 90 -70 80 -80 90
1 80 80 80 80 70 80 90 80
1 90 70 80 80 80 70 90 80
1 70 70 80 80 80 70 70 80
1 60 80 60 80 50 80 70 80
1 70 70 60 80 60 70 70 80
1 50 70 60 80 60 70 50 80
1 40 80 40 80 30 80 50 80
1 50 70 40 80 40 70 50 80
1 30 70 40 80 40 70 30 80
1 20 80 20 80 10 80 30 80
1 30 70 20 80 20 70 30 80
1 10 70 20 80 20 70 10 80
1 0 80 0 80 -10 80 10 80
1 10 70 0 80 0 70 10 80
1 -10 70 -0 80 0 70 -10 80
1 -20 80 -20 80 -30 80 -10 80
1 -10 70 -20 80 -20 70 -10 80
1 -30 70 -20 80 -20 70 -30 80
1 -40 80 -40 80 -50 80 -30 80
1 -30 70 -40 80 -40 70 -30 80
1 -50 70 -40 80 -40 70 -50 80
1 -60 80 -60 80 -70 80 -50 80
1 -50 70 -60 80 -60 70 -50 80
1 -70 70 -60 80 -60 70 -70 80
1 -80 80 -80 80 -90 80 -70 80
1 -70 70 -80 80 -80 70 -70 80
1 -90 70 -80 80 -80 70 -90 80
1 80 60 90 70 90 60 80 70
1 70 70 70 70 60 70 80 70
1 80 60 70 70 70 60 80 70
1 60 60 70 70 70 60 60 70
1 50 70 50 70 40 70 60 70
1 60 60 50 70 50 60 60 70
1 40 60 50 70 50 60 40 70
1 30 70 30 70 20 70 40 70
1 40 60 30 70 30 60 40 70
1 20 60 30 70 30 60 20 70
1 10 70 10 70 0 70 20 70
1 20 60 10 70 10 60 20 70
1 -0 60 10 70 10 60 0 70
1 -10 70 -10 70 -20 70 0 70
1 0 60 -10 70 -10 60 0 70
1 -20 60 -10 70 -10 60 -20 70
1 -30 70 -30 70 -40 70 -20 70
1 -20 60 -30 70 -30 60 -20 70
1 -40 60 -30 70 -30 60 -40 70
1 -50 70 -50 70 -60 70 -40 70
1 -40 60 -50 70 -50 60 -40 70
1 -60 60 -50 70 -50 60 -60 70
1 -70 70 -70 70 -80 70 -60 70
1 -60 60 -70 70 -70 60 -60 70
1 -80 60 -70 70 -70 60 -80 70
1 -80 60 -90 70 -90 60 -80 70
1 80 60 80 60 70 60 90 60
1 90 50 80 60 80 50 90 60
1 70 50 80 60 80 50 70 60
1 60 60 60 60 50 60 70 60
1 70 50 60 60 60 50 70 60
1 50 50 60 60 60 50 50 60
1 40 60 40 60 30 60 50 60
1 50 50 40 60 40 50 50 60
1 30 50 40 60 40 50 30 60
1 20 60 20 60 10 60 30 60
1 30 50 20 60 20 50 30 60
1 10 50 20 60 20 50 10 60
1 0 60 0 60 -10 60 10 60
1 10 50 0 60 0 50 10 60
1 -10 50 -0 60 0 50 -10 60
1 -20 60 -20 60 -30 60 -10 60
1 -10 50 -20 60 -20 50 -10 60
1 -30 50 -20 60 -20 50 -30 60
1 -40 60 -40 60 -50 60 -30 60
1 -30 50 -40 60 -40 50 -30 60
1 -50 50 -40 60 -40 50 -50 60
1 -60 60 -60 60 -70 60 -50 60
1 -50 50 -60 60 -60 50 -50 60
1 -70 50 -60 60 -60 50 -70 60
1 -80 60 -80 60 -90 60 -70 60
1 -70 50 -80 60 -80 50 -70 60
1 -90 50 -80 60 -80 50 -90 60
1 80 40 90 50 90 40 80 50
1 70 50 70 50 60 50 80 50
1 80 40 70 50 70 40 80 50
1 60 40 70 50 70 40 60 50
1 50 50 50 50 40 50 60 50
1 60 40 50 50 50 40 60 50
1 40 40 50 50 50 40 40 50
1 30 50 30 50 20 50 40 50
1 40 40 30 50 30 40 40 50
1 20 40 30 50 30 40 20 50
1 10 50 10 50 0 50 20 50
1 20 40 10 50 10 40 20 50
1 -0 40 10 50 10 40 0 50
1 -10 50 -10 50 -20 50 0 50
1 0 40 -10 50 -10 40 0 50
1 -20 40 -10 50 -10 40 -20 50
1 -30 50 -30 50 -40 50 -20 50
1 -20 40 -30 50 -30 40 -20 50
1 -40 40 -30 50 -30 40 -40 50
1 -50 50 -50 50 -60 50 -40 50
1 -40 40 -50 50 -50 40 -40 50
1 -60 40 -50 50 -50 40 -60 50
1 -70 50 -70 50 -80 50 -60 50
1 -60 40 -70 50 -70 40 -60 50
1 -80 40 -70 50 -70 40 -80 50
1 -80 40 -90 50 -90 40 -80 50
1 80 40 80 40 70 40 90 40
1 90 30 80 40 80 30 90 40
1 70 30 80 40 80 30 70 40
1 60 40 60 40 50 40 70 40
1 70 30 60 40 60 30 70 40
1 50 30 60 40 60 30 50 40
1 40 40 40 40 30 40 50 40
1 50 30 40 40 40 30 50 40
1 30 30 40 40 40 30 30 40
1 20 40 20 40 10 40 30 40
1 30 30 20 40 20 30 30 40
1 10 30 20 40 20 30 10 40
1 0 40 0 40 -10 40 10 40
1 10 30 0 40 0 30 10 40
1 -10 30 -0 40 0 30 -10 40
1 -20 40 -20 40 -30 40 -10 40
1 -10 30 -20 40 -20 30 -10 40
1 -30 30 -20 40 -20 30 -30 40
1 -40 40 -40 40 -50 40 -30 40
1 -30 30 -40 40 -40 30 -30 40
1 -50 30 -40 40 -40 30 -50 40
1 -60 40 -60 40 -70 40 -50 40
1 -50 30 -60 40 -60 30 -50 40
1 -70 30 -60 40 -60 30 -70 40
1 -80 40 -80 40 -90 40 -70 40
1 -70 30 -80 40 -80 30 -70 40
1 -90 30 -80 40 -80 30 -90 40
1 80 20 90 30 90 20 80 30
1 70 30 70 30 60 30 80 30
1 80 20 70 30 70 20 80 30
1 60 20 70 30 70 20 60 30
1 50 30 50 30 40 30 60 30
1 60 20 50 30 50 20 60 30
1 40 20 50 30 50 20 40 30
1 30 30 30 30 20 30 40 30
1 40 20 30 30 30 20 40 30
1 20 20 30 30 30 20 20 30
1 10 30 10 30 0 30 20 30
1 20 20 10 30 10 20 20 30
1 -0 20 10 30 10 20 0 30
1 -10 30 -10 30 -20 30 0 30
1 0 20 -10 30 -10 20 0 30
1 -20 20 -10 30 -10 20 -20 30
1 -30 30 -30 30 -40 30 -20 30
1 -20 20 -30 30 -30 20 -20 30
1 -40 20 -30 30 -30 20 -40 30
1 -50 30 -50 30 -60 30 -40 30
1 -40 20 -50 30 -50 20 -40 30
1 -60 20 -50 30 -50 20 -60 30
1 -70 30 -70 30 -80 30 -60 30
1 -60 20 -70 30 -70 20 -60 30
1 -80 20 -70 30 -70 20 -80 30
1 -80 20 -90 30 -90 20 -80 30
1 80 20 80 20 70 20 90 20
1 90 10 80 20 80 10 90 20
1 70 10 80 20 80 10 70 20
1 60 20 60 20 50 20 70 20
1 70 10 60 20 60 10 70 20
1 50 10 60 20 60 10 50 20
1 40 20 40 20 30 20 50 20
1 50 10 40 20 40 10 50 20
1 30 10 40 20 40 10 30 20
1 20 20 20 20 10 20 30 20
1 30 10 20 20 20 10 30 20
1 10 10 20 20 20 10 10 20
1 0 20 0 20 -10 20 10 20
1 10 10 0 20 0 10 10 20
1 -10 10 -0 20 0 10 -10 20
1 -20 20 -20 20 -30 20 -10 20
1 -10 10 -20 20 -20 10 -10 20
1 -30 10 -20 20 -20 10 -30 20
1 -40 20 -40 20 -50 20 -30 20
1 -30 10 -40 20 -40 10 -30 20
1 -50 10 -40 20 -40 10 -50 20
1 -60 20 -60 20 -70 20 -50 20
1 -50 10 -60 20 -60 10 -50 20
1 -70 10 -60 20 -60 10 -70 20
1 -80 20 -80 20 -90 20 -70 20
1 -70 10 -80 20 -80 10 -70 20
1 -90 10 -80 20 -80 10 -90 20
1 80 0 90 10 90 0 80 10
1 70 10 70 10 60 10 80 10
1 80 -0 70 10 70 0 80 10
1 60 0 70 10 70 0 60 10
1 50 10 50 10 40 10 60 10
1 60 -0 50 10 50 0 60 10
1 40 0 50 10 50 0 40 10
1 30 10 30 10 20 10 40 10
1 40 -0 30 10 30 0 40 10
1 20 0 30 10 30 0 20 10
1 10 10 10 10 0 10 20 10
1 20 -0 10 10 10 0 20 10
1 -0 0 10 10 10 0 0 10
1 -10 10 -10 10 -20 10 0 10
1 0 -0 -10 10 -10 0 0 10
1 -20 0 -10 10 -10 0 -20 10
1 -30 10 -30 10 -40 10 -20 10
1 -20 -0 -30 10 -30 0 -20 10
1 -40 0 -30 10 -30 0 -40 10
1 -50 10 -50 10 -60 10 -40 10
1 -40 -0 -50 10 -50 0 -40 10
1 -60 0 -50 10 -50 0 -60 10
1 -70 10 -70 10 -80 10 -60 10
1 -60 -0 -70 10 -70 0 -60 10
1 -80 0 -70 10 -70 0 -80 10
1 -80 -0 -90 10 -90 0 -80 10
1 80 -0 80 -0 70 0 90 0
1 90 -10 80 -0 80 -10 90 0
1 70 -10 80 0 80 -10 70 0
1 60 -0 60 -0 50 0 70 0
1 70 -10 60 -0 60 -10 70 0
1 50 -10 60 0 60 -10 50 0
1 40 -0 40 -0 30 0 50 0
1 50 -10 40 -0 40 -10 50 0
1 30 -10 40 0 40 -10 30 0
1 20 -0 20 -0 10 0 30 0
1 30 -10 20 -0 20 -10 30 0
1 10 -10 20 0 20 -10 10 0
1 0 0 0 -0 -10 0 10 0
1 10 -10 0 0 0 -10 10 0
1 -10 -10 -0 0 0 -10 -10 0
1 -20 -0 -20 -0 -30 0 -10 0
1 -10 -10 -20 -0 -20 -10 -10 0
1 -30 -10 -20 0 -20 -10 -30 0
1 -40 -0 -40 -0 -50 0 -30 0
1 -30 -10 -40 -0 -40 -10 -30 0
1 -50 -10 -40 0 -40 -10 -50 0
1 -60 -0 -60 -0 -70 0 -50 0
1 -50 -10 -60 -0 -60 -10 -50 0
1 -70 -10 -60 0 -60 -10 -70 0
1 -80 -0 -80 -0 -90 0 -70 0
1 -70 -10 -80 -0 -80 -10 -70 0
1 -90 -10 -80 0 -80 -10 -90 0
1 80 -20 90 -10 90 -20 80 -10
1 70 -10 70 -10 60 -10 80 -10
1 80 -20 70 -10 70 -20 80 -10
1 60 -20 70 -10 70 -20 60 -10
1 50 -10 50 -10 40 -10 60 -10
1 60 -20 50 -10 50 -20 60 -10
1 40 -20 50 -10 50 -20 40 -10
1 30 -10 30 -10 20 -10 40 -10
1 40 -20 30 -10 30 -20 40 -10
1 20 -20 30 -10 30 -20 20 -10
1 10 -10 10 -10 0 -10 20 -10
1 20 -20 10 -10 10 -20 20 -10
1 0 -20 10 -10 10 -20 0 -10
1 -10 -10 -10 -10 -20 -10 0 -10
1 0 -20 -10 -10 -10 -20 0 -10
1 -20 -20 -10 -10 -10 -20 -20 -10
1 -30 -10 -30 -10 -40 -10 -20 -10
1 -20 -20 -30 -10 -30 -20 -20 -10
1 -40 -20 -30 -10 -30 -20 -40 -10
1 -50 -10 -50 -10 -60 -10 -40 -10
1 -40 -20 -50 -10 -50 -20 -40 -10
1 -60 -20 -50 -10 -50 -20 -60 -10
1 -70 -10 -70 -10 -80 -10 -60 -10
1 -60 -20 -70 -10 -70 -20 -60 -10
1 -80 -20 -70 -10 -70 -20 -80 -10
1 -80 -20 -90 -10 -90 -20 -80 -10
1 80 -20 80 -20 70 -20 90 -20
1 90 -30 80 -20 80 -30 90 -20
1 70 -30 80 -20 80 -30 70 -20
1 60 -20 60 -20 50 -20 70 -20
1 70 -30 60 -20 60 -30 70 -20
1 50 -30 60 -20 60 -30 50 -20
1 40 -20 40 -20 30 -20 50 -20
1 50 -30 40 -20 40 -30 50 -20
1 30 -30 40 -20 40 -30 30 -20
1 20 -20 20 -20 10 -20 30 -20
1 30 -30 20 -20 20 -30 30 -20
1 10 -30 20 -20 20 -30 10 -20
1 0 -20 0 -20 -10 -20 10 -20
1 10 -30 0 -20 0 -30 10 -20
1 -10 -30 -0 -20 0 -30 -10 -20
1 -20 -20 -20 -20 -30 -20 -10 -20
1 -10 -30 -20 -20 -20 -30 -10 -20
1 -30 -30 -20 -20 -20 -30 -30 -20
1 -40 -20 -40 -20 -50 -20 -30 -20
1 -30 -30 -40 -20 -40 -30 -30 -20
1 -50 -30 -40 -20 -40 -30 -50 -20
1 -60 -20 -60 -20 -70 -20 -50 -20
1 -50 -30 -60 -20 -60 -30 -50 -20
1 -70 -30 -60 -20 -60 -30 -70 -20
1 -80 -20 -80 -20 -90 -20 -70 -20
1 -70 -30 -80 -20 -80 -30 -70 -20
1 -90 -30 -80 -20 -80 -30 -90 -20
1 80 -40 90 -30 90 -40 80 -30
1 70 -30 70 -30 60 -30 80 -30
1 80 -40 70 -30 70 -40 80 -30
1 60 -40 70 -30 70 -40 60 -30
1 50 -30 50 -30 40 -30 60 -30
1 60 -40 50 -30 50 -40 60 -30
1 40 -40 50 -30 50 -40 40 -30
1 30 -30 30 -30 20 -30 40 -30
1 40 -40 30 -30 30 -40 40 -30
1 20 -40 30 -30 30 -40 20 -30
1 10 -30 10 -30 0 -30 20 -30
1 20 -40 10 -30 10 -40 20 -30
1 0 -40 10 -30 10 -40 0 -30
1 -10 -30 -10 -30 -20 -30 0 -30
1 0 -40 -10 -30 -10 -40 0 -30
1 -20 -40 -10 -30 -10 -40 -20 -30
1 -30 -30 -30 -30 -40 -30 -20 -30
1 -20 -40 -30 -30 -30 -40 -20 -30
1 -40 -40 -30 -30 -30 -40 -40 -30
1 -50 -30 -50 -30 -60 -30 -40 -30
1 -40 -40 -50 -30 -50 -40 -40 -30
1 -60 -40 -50 -30 -50 -40 -60 -30
1 -70 -30 -70 -30 -80 -30 -60 -30
1 -60 -40 -70 -30 -70 -40 -60 -30
1 -80 -40 -70 -30 -70 -40 -80 -30
1 -80 -40 -90 -30 -90 -40 -80 -30
1 80 -40 80 -40 70 -40 90 -40
1 90 -50 80 -40 80 -50 90 -40
1 70 -50 80 -40 80 -50 70 -40
1 60 -40 60 -40 50 -40 70 -40
1 70 -50 60 -40 60 -50 70 -40
1 50 -50 60 -40 60 -50 50 -40
1 40 -40 40 -40 30 -40 50 -40
1 50 -50 40 -40 40 -50 50 -40
1 30 -50 40 -40 40 -50 30 -40
1 20 -40 20 -40 10 -40 30 -40
1 30 -50 20 -40 20 -50 30 -40
1 10 -50 20 -40 20 -50 10 -40
1 0 -40 0 -40 -10 -40 10 -40
1 10 -50 0 -40 0 -50 10 -40
1 -10 -50 -0 -40 0 -50 -10 -40
1 -20 -40 -20 -40 -30 -40 -10 -40
1 -10 -50 -20 -40 -20 -50 -10 -40
1 -30 -50 -20 -40 -20 -50 -30 -40
1 -40 -40 -40 -40 -50 -40 -30 -40
1 -30 -50 -40 -40 -40 -50 -30 -40
1 -50 -50 -40 -40 -40 -50 -50 -40
1 -60 -40 -60 -40 -70 -40 -50 -40
1 -50 -50 -60 -40 -60 -50 -50 -40
1 -70 -50 -60 -40 -60 -50 -70 -40
1 -80 -40 -80 -40 -90 -40 -70 -40
1 -70 -50 -80 -40 -80 -50 -70 -40
1 -90 -50 -80 -40 -80 -50 -90 -40
1 80 -60 90 -50 90 -60 80 -50
1 70 -50 70 -50 60 -50 80 -50
1 80 -60 70 -50 70 -60 80 -50
1 60 -60 70 -50 70 -60 60 -50
1 50 -50 50 -50 40 -50 60 -50
1 60 -60 50 -50 50 -60 60 -50
1 40 -60 50 -50 50 -60 40 -50
1 30 -50 30 -50 20 -50 40 -50
1 40 -60 30 -50 30 -60 40 -50
1 20 -60 30 -50 30 -60 20 -50
1 10 -50 10 -50 0 -50 20 -50
1 20 -60 10 -50 10 -60 20 -50
1 0 -60 10 -50 10 -60 0 -50
1 -10 -50 -10 -50 -20 -50 0 -50
1 0 -60 -10 -50 -10 -60 0 -50
1 -20 -60 -10 -50 -10 -60 -20 -50
1 -30 -50 -30 -50 -40 -50 -20 -50
1 -20 -60 -30 -50 -30 -60 -20 -50
1 -40 -60 -30 -50 -30 -60 -40 -50
1 -50 -50 -50 -50 -60 -50 -40 -50
1 -40 -60 -50 -50 -50 -60 -40 -50
1 -60 -60 -50 -50 -50 -60 -60 -50
1 -70 -50 -70 -50 -80 -50 -60 -50
1 -60 -60 -70 -50 -70 -60 -60 -50
1 -80 -60 -70 -50 -70 -60 -80 -50
1 -80 -60 -90 -50 -90 -60 -80 -50
1 80 -60 80 -60 70 -60 90 -60
1 90 -70 80 -60 80 -70 90 -60
1 70 -70 80 -60 80 -70 70 -60
1 60 -60 60 -60 50 -60 70 -60
1 70 -70 60 -60 60 -70 70 -60
1 50 -70 60 -60 60 -70 50 -60
1 40 -60 40 -60 30 -60 50 -60
1 50 -70 40 -60 40 -70 50 -60
1 30 -70 40 -60 40 -70 30 -60
1 20 -60 20 -60 10 -60 30 -60
1 30 -70 20 -60 20 -70 30 -60
1 10 -70 20 -60 20 -70 10 -60
1 0 -60 0 -60 -10 -60 10 -60
1 10 -70 0 -60 0 -70 10 -60
1 -10 -70 -0 -60 0 -70 -10 -60
1 -20 -60 -20 -60 -30 -60 -10 -60
1 -10 -70 -20 -60 -20 -70 -10 -60
1 -30 -70 -20 -60 -20 -70 -30 -60
1 -40 -60 -40 -60 -50 -60 -30 -60
1 -30 -70 -40 -60 -40 -70 -30 -60
1 -50 -70 -40 -60 -40 -70 -50 -60
1 -60 -60 -60 -60 -70 -60 -50 -60
1 -50 -70 -60 -60 -60 -70 -50 -60
1 -70 -70 -60 -60 -60 -70 -70 -60
1 -80 -60 -80 -60 -90 -60 -70 -60
1 -70 -70 -80 -60 -80 -70 -70 -60
1 -90 -70 -80 -60 -80 -70 -90 -60
1 80 -80 90 -70 90 -80 80 -70
1 70 -70 70 -70 60 -70 80 -70
1 80 -80 70 -70 70 -80 80 -70
1 60 -80 70 -70 70 -80 60 -70
1 50 -70 50 -70 40 -70 60 -70
1 60 -80 50 -70 50 -80 60 -70
1 40 -80 50 -70 50 -80 40 -70
1 30 -70 30 -70 20 -70 40 -70
1 40 -80 30 -70 30 -80 40 -70
1 20 -80 30 -70 30 -80 20 -70
1 10 -70 10 -70 0 -70 20 -70
1 20 -80 10 -70 10 -80 20 -70
1 0 -80 10 -70 10 -80 0 -70
1 -10 -70 -10 -70 -20 -70 0 -70
1 0 -80 -10 -70 -10 -80 0 -70
1 -20 -80 -10 -70 -10 -80 -20 -70
1 -30 -70 -30 -70 -40 -70 -20 -70
1 -20 -80 -30 -70 -30 -80 -20 -70
1 -40 -80 -30 -70 -30 -80 -40 -70
1 -50 -70 -50 -70 -60 -70 -40 -70
1 -40 -80 -50 -70 -50 -80 -40 -70
1 -60 -80 -50 -70 -50 -80 -60 -70
1 -70 -70 -70 -70 -80 -70 -60 -70
1 -60 -80 -70 -70 -70 -80 -60 -70
1 -80 -80 -70 -70 -70 -80 -80 -70
1 -80 -80 -90 -70 -90 -80 -80 -70
1 80 -80 80 -80 70 -80 90 -80
1 70 -90 80 -80 80 -90 70 -80
1 60 -80 60 -80 50 -80 70 -80
1 70 -90 60 -80 60 -90 70 -80
1 50 -90 60 -80 60 -90 50 -80
1 40 -80 40 -80 30 -80 50 -80
1 50 -90 40 -80 40 -90 50 -80
1 30 -90 40 -80 40 -90 30 -80
1 20 -80 20 -80 10 -80 30 -80
1 30 -90 20 -80 20 -90 30 -80
1 10 -90 20 -80 20 -90 10 -80
1 0 -80 0 -80 -10 -80 10 -80
1 10 -90 0 -80 0 -90 10 -80
1 -10 -90 -0 -80 0 -90 -10 -80
1 -20 -80 -20 -80 -30 -80 -10 -80
1 -10 -90 -20 -80 -20 -90 -10 -80
1 -30 -90 -20 -80 -20 -90 -30 -80
1 -40 -80 -40 -80 -50 -80 -30 -80
1 -30 -90 -40 -80 -40 -90 -30 -80
1 -50 -90 -40 -80 -40 -90 -50 -80
1 -60 -80 -60 -80 -70 -80 -50 -80
1 -50 -90 -60 -80 -60 -90 -50 -80
1 -70 -90 -60 -80 -60 -90 -70 -80
1 -80 -80 -80 -80 -90 -80 -70 -80
1 -70 -90 -80 -80 -80 -90 -70 -80
