1 1.62483 -3 1.30783 -2.13811 0.50166 -2.50193 2.15763 -1.89288
1 2.10677 -1.42426 3 -1.71647 2.15763 -1.89288 2.42476 -1.07631
0 2.94248 -0.142748 3 -0.156875 2.42476 -1.07631 2.91611 0.924434
1 2.5316 0.771039 3 1.06828 2.91611 0.924434 2.83413 1.05363
0 2.76268 2.2089 3 2.40179 2.83413 1.05363 1.64639 2.51494
1 0.515234 3 0.515234 3 1.64639 2.51494 -0.63629 2.56549
0 -0.808666 2.50535 -1.0887 3 -0.948939 2.3885 -0.63629 2.56549
0 -1.86531 2.39475 -2.3697 3 -2.02439 1.49227 -0.948939 2.3885
1 -3 0.834718 -2.18056 0.630386 -2.44734 -0.203913 -2.02439 1.49227
0 -3 -1.18601 -2.4778 -0.992174 -1.94039 -1.56964 -2.44734 -0.203913
1 -2.69029 -3 -1.77641 -1.5509 -1.72266 -1.70695 -1.94039 -1.56964
1 -0.930576 -3 -0.930576 -3 0.50166 -2.50193 -1.72266 -1.70695
0 0.865967 2.57496 0.812532 3 0.124688 2.32363 1.64639 2.51494
0 -0.253289 2.45246 -0.0792641 3 0.124688 2.32363 -0.63629 2.56549
0 2.54242 1.53503 2.76268 2.2089 2.83413 1.05363 2.02271 1.31884
0 1.86967 1.92794 2.76268 2.2089 2.02271 1.31884 1.64639 2.51494
1 1.4195 1.84672 0.865968 2.57496 0.714945 1.80694 1.64639 2.51494
0 0.485384 2.14019 0.865967 2.57496 0.714945 1.80694 0.124688 2.32363
0 -1.86531 2.39475 -1.45224 2.12428 -1.49317 1.55732 -0.948939 2.3885
1 -1.70728 1.10424 -1.86531 2.39475 -2.02439 1.49227 -1.49317 1.55732
1 0.0387717 1.97114 -0.25329 2.45246 -0.313556 2.05771 0.124688 2.32363
0 -0.450942 2.32684 -0.25329 2.45246 -0.313556 2.05771 -0.63629 2.56549
1 -1.45224 2.12428 -0.933712 2.07604 -1.00633 1.77175 -0.948939 2.3885
0 -1.27064 1.71196 -1.45224 2.12428 -1.49317 1.55732 -1.00633 1.77175
1 -0.808666 2.50535 -0.450942 2.32684 -0.75308 2.33145 -0.63629 2.56549
1 -0.933712 2.07604 -0.808666 2.50535 -0.75308 2.33145 -0.948939 2.3885
1 -0.533379 2.19448 -0.450942 2.32684 -0.313556 2.05771 -0.75308 2.33145
1 1.98497 1.12372 1.86968 1.92794 1.89393 1.30038 2.02271 1.31884
1 1.44206 1.84079 1.86967 1.92794 1.89393 1.30038 1.64639 2.51494
0 1.4195 1.84672 1.44206 1.84079 1.28796 1.15341 1.64639 2.51494
1 0.970106 1.45269 1.4195 1.84672 1.28796 1.15341 0.714945 1.80694
1 1.63255 1.05537 1.44206 1.84079 1.28796 1.15341 1.89393 1.30038
1 0.622954 1.62139 0.485384 2.14019 0.45111 1.73698 0.714945 1.80694
0 0.46265 2.12754 0.485384 2.14019 0.45111 1.73698 0.124688 2.32363
1 0.382375 1.69578 0.46265 2.12754 0.45111 1.73698 0.333041 1.75893
1 0.038772 1.97114 0.46265 2.12754 0.333041 1.75893 0.124688 2.32363
1 -0.314753 1.82676 -0.533379 2.19448 -0.518219 1.93602 -0.313556 2.05771
1 -0.755159 2.06275 -0.533379 2.19448 -0.518219 1.93602 -0.75308 2.33145
0 -0.933712 2.07604 -0.912569 2.06647 -1.00633 1.77175 -0.75308 2.33145
1 -0.912569 2.06647 -0.755159 2.06275 -0.765758 1.79426 -0.75308 2.33145
1 -0.875267 1.66787 -0.912569 2.06647 -1.00633 1.77175 -0.765758 1.79426
0 0.0233804 1.93783 0.038772 1.97114 0.333041 1.75893 -0.313556 2.05771
1 -0.611805 1.81244 -0.755159 2.06275 -0.765758 1.79426 -0.518219 1.93602
1 0.239977 1.63972 0.0233802 1.93783 0.0978405 1.58804 0.333041 1.75893
1 -0.120853 1.81149 0.0233802 1.93783 0.0978405 1.58804 -0.313556 2.05771
1 0.033131 1.40706 -0.120853 1.81149 -0.135563 1.49918 0.0978405 1.58804
0 -0.16274 1.79814 -0.120853 1.81149 -0.135563 1.49918 -0.313556 2.05771
0 -0.211284 1.68458 -0.16274 1.79814 -0.135563 1.49918 -0.397619 1.61119
0 -0.314753 1.82676 -0.16274 1.79814 -0.397619 1.61119 -0.313556 2.05771
1 2.49151 0.852373 2.54242 1.53503 2.83413 1.05363 2.18254 1.10222
1 1.98497 1.12372 2.54242 1.53503 2.18254 1.10222 2.02271 1.31884
1 -0.486776 1.7629 -0.314753 1.82676 -0.397619 1.61119 -0.518219 1.93602
1 -1.27064 1.71196 -0.898407 1.58147 -1.10151 1.50022 -1.00633 1.77175
1 -1.34735 1.18575 -1.27064 1.71196 -1.10151 1.50022 -1.49317 1.55732
0 -0.611805 1.81244 -0.569522 1.77919 -0.709837 1.69235 -0.518219 1.93602
1 -0.875267 1.66787 -0.611805 1.81244 -0.709837 1.69235 -0.765758 1.79426
1 -0.569522 1.77919 -0.486776 1.7629 -0.581508 1.61461 -0.518219 1.93602
1 -0.762549 1.46054 -0.569522 1.77919 -0.581508 1.61461 -0.709837 1.69235
1 -0.490884 1.54185 -0.486776 1.7629 -0.397619 1.61119 -0.581508 1.61461
0 0.931843 1.33035 0.970106 1.45269 1.28796 1.15341 0.53837 1.38785
0 0.641582 1.59111 0.970106 1.45269 0.53837 1.38785 0.714945 1.80694
1 -0.22925 1.22886 -0.211284 1.68458 -0.135563 1.49918 -0.301366 1.50572
1 -0.419623 1.49446 -0.211284 1.68458 -0.301366 1.50572 -0.397619 1.61119
0 -0.898407 1.58147 -0.875267 1.66787 -0.709837 1.69235 -1.00633 1.77175
0 0.641582 1.59111 0.622954 1.62139 0.415859 1.62297 0.714945 1.80694
1 0.382375 1.69578 0.622954 1.62139 0.415859 1.62297 0.45111 1.73698
0 0.507173 1.52107 0.641582 1.59111 0.53837 1.38785 0.415859 1.62297
0 -0.826867 1.43562 -0.898407 1.58147 -1.10151 1.50022 -0.709837 1.69235
0 0.239978 1.63972 0.269944 1.62729 0.221391 1.48962 0.333041 1.75893
1 0.0528932 1.40486 0.239978 1.63972 0.221391 1.48962 0.0978405 1.58804
1 0.269944 1.62729 0.382375 1.69578 0.415859 1.62297 0.333041 1.75893
1 0.330542 1.53892 0.269944 1.62729 0.221391 1.48962 0.415859 1.62297
1 1.0952 1.00991 0.931843 1.33035 0.865827 0.938214 1.28796 1.15341
0 0.766337 1.20981 0.931843 1.33035 0.865827 0.938214 0.53837 1.38785
0 -0.826867 1.43562 -0.786688 1.4436 -0.620601 1.24311 -0.709837 1.69235
0 -0.846385 1.39911 -0.826867 1.43562 -0.620601 1.24311 -1.10151 1.50022
0 -0.786688 1.4436 -0.762549 1.46054 -0.526633 1.43127 -0.709837 1.69235
0 -0.786688 1.4436 -0.586164 1.34346 -0.620601 1.24311 -0.526633 1.43127
1 -0.762549 1.46054 -0.490884 1.54185 -0.526633 1.43127 -0.581508 1.61461
0 -0.774275 1.21955 -0.846385 1.39911 -0.901559 1.13028 -0.620601 1.24311
1 -1.27945 1.16504 -0.846385 1.39911 -0.901559 1.13028 -1.10151 1.50022
1 0.330543 1.53892 0.507173 1.52107 0.397323 1.4395 0.415859 1.62297
1 0.288791 1.39238 0.330543 1.53892 0.397323 1.4395 0.221391 1.48962
1 -0.490884 1.54185 -0.440928 1.50603 -0.526633 1.43127 -0.397619 1.61119
1 0.459912 1.39201 0.507173 1.52107 0.53837 1.38785 0.397323 1.4395
0 -0.440928 1.50603 -0.419623 1.49446 -0.50559 1.41247 -0.397619 1.61119
1 -0.586163 1.34346 -0.440928 1.50603 -0.50559 1.41247 -0.526633 1.43127
1 -0.27977 1.18814 -0.419623 1.49446 -0.50559 1.41247 -0.301366 1.50572
1 -1.70728 1.10424 -1.34735 1.18575 -1.31887 0.787604 -1.49317 1.55732
0 -2.18056 0.630386 -1.70728 1.10424 -1.31887 0.787604 -2.02439 1.49227
0 0.0331309 1.40706 0.0528933 1.40486 0.0565684 1.21628 0.0978405 1.58804
1 -0.22925 1.22886 0.0331309 1.40706 0.0565684 1.21628 -0.135563 1.49918
1 0.0528933 1.40486 0.212714 1.30849 0.0565684 1.21628 0.221391 1.48962
0 -1.34735 1.18575 -1.27945 1.16504 -1.31887 0.787604 -1.10151 1.50022
1 -0.974389 0.793538 -1.27945 1.16504 -1.31887 0.787604 -0.901559 1.13028
0 -0.261889 1.1885 -0.22925 1.22886 0.0565684 1.21628 -0.301366 1.50572
1 0.288792 1.39238 0.459912 1.39201 0.397114 1.34479 0.397323 1.4395
0 0.223104 1.31269 0.288791 1.39238 0.397114 1.34479 0.221391 1.48962
0 -0.261889 1.1885 -0.148844 1.07578 -0.28874 0.869958 0.0565684 1.21628
0 -0.27977 1.18814 -0.261889 1.1885 -0.28874 0.869958 -0.301366 1.50572
0 -0.328665 1.1686 -0.27977 1.18814 -0.28874 0.869958 -0.50559 1.41247
0 -2.10385 0.543079 -2.18056 0.630386 -2.44734 -0.203913 -1.31887 0.787604
1 0.659684 1.03602 0.766337 1.20981 0.865827 0.938214 0.479127 1.17552
1 0.492127 1.28632 0.766337 1.20981 0.479127 1.17552 0.53837 1.38785
0 0.212714 1.30849 0.223104 1.31269 0.344712 1.18415 0.221391 1.48962
0 0.204173 1.2319 0.212714 1.30849 0.344712 1.18415 0.0565684 1.21628
1 0.223104 1.31269 0.4164 1.24963 0.344712 1.18415 0.397114 1.34479
1 0.492127 1.28632 0.459912 1.39201 0.397114 1.34479 0.53837 1.38785
0 -0.345476 1.15365 -0.328665 1.1686 -0.28874 0.869958 -0.620601 1.24311
1 -0.586164 1.34346 -0.328665 1.1686 -0.620601 1.24311 -0.50559 1.41247
1 -0.36483 0.815258 -0.345476 1.15365 -0.28874 0.869958 -0.434188 0.878277
1 -0.555281 1.04645 -0.345476 1.15365 -0.434188 0.878277 -0.620601 1.24311
0 1.70392 0.956502 1.63255 1.05537 1.3177 0.88442 1.89393 1.30038
1 1.12188 0.99891 1.63255 1.05537 1.3177 0.88442 1.28796 1.15341
1 0.4164 1.24963 0.492127 1.28632 0.479127 1.17552 0.397114 1.34479
1 0.310897 0.951131 0.204173 1.2319 0.130836 1.10285 0.344712 1.18415
1 -0.0908908 1.0387 0.204173 1.2319 0.130836 1.10285 0.0565684 1.21628
1 -0.774275 1.21955 -0.555281 1.04645 -0.761716 1.06459 -0.620601 1.24311
1 -0.974389 0.793538 -0.774275 1.21955 -0.761716 1.06459 -0.901559 1.13028
0 -2.10385 0.543079 -1.56535 0.457212 -1.43385 0.0665467 -1.31887 0.787604
1 -1.93562 -0.0873279 -2.10385 0.543079 -2.44734 -0.203913 -1.43385 0.0665467
0 1.70392 0.956502 1.88559 0.978969 1.97198 0.669276 1.89393 1.30038
1 1.62501 0.71653 1.70392 0.956502 1.97198 0.669276 1.3177 0.88442
1 0.395454 0.923335 0.4164 1.24963 0.479127 1.17552 0.344712 1.18415
0 -0.148844 1.07578 -0.0908908 1.0387 -0.190316 0.830395 0.0565684 1.21628
1 -0.273229 0.766334 -0.148843 1.07578 -0.190316 0.830395 -0.28874 0.869958
0 1.88559 0.978969 1.98497 1.12372 2.18254 1.10222 1.89393 1.30038
0 1.88559 0.978969 1.99362 0.926425 1.97198 0.669276 2.18254 1.10222
0 -0.073106 1.01774 -0.0908908 1.0387 -0.190316 0.830395 0.130836 1.10285
0 0.718444 0.949203 0.659684 1.03602 0.673868 0.808293 0.865827 0.938214
1 0.418768 0.908264 0.659684 1.03602 0.673868 0.808293 0.479127 1.17552
1 -0.69567 0.799656 -0.555281 1.04645 -0.434188 0.878277 -0.761716 1.06459
0 1.0952 1.00991 1.12188 0.998909 1.13082 0.77225 1.28796 1.15341
1 0.961448 0.796352 1.0952 1.00991 1.13082 0.77225 0.865827 0.938214
0 2.5316 0.771039 2.49151 0.852373 2.1232 0.703259 2.83413 1.05363
1 1.99362 0.926425 2.49151 0.852373 2.1232 0.703259 2.18254 1.10222
1 -0.073106 1.01774 0.0697739 0.914863 -0.0891475 0.797334 0.130836 1.10285
1 -0.1757 0.7038 -0.073106 1.01774 -0.0891475 0.797334 -0.190316 0.830395
1 1.29364 0.712752 1.12188 0.998909 1.13082 0.77225 1.3177 0.88442
0 0.395454 0.923335 0.418768 0.908264 0.199856 0.743498 0.479127 1.17552
0 0.310897 0.951131 0.395454 0.923335 0.199856 0.743498 0.344712 1.18415
0 0.181418 0.926263 0.310897 0.951131 0.199856 0.743498 0.130836 1.10285
0 2.7394 0.0260618 2.5316 0.771039 2.1232 0.703259 2.91611 0.924434
1 2.15588 0.204396 1.99362 0.926425 1.97198 0.669276 2.1232 0.703259
0 0.430319 0.82376 0.418768 0.908264 0.199856 0.743498 0.673868 0.808293
0 -0.971006 0.786733 -0.974389 0.793538 -1.31887 0.787604 -0.761716 1.06459
0 -0.971006 0.786733 -0.938103 0.783376 -0.822142 0.472332 -0.761716 1.06459
0 -1.04323 0.672947 -0.971006 0.786733 -0.822142 0.472332 -1.31887 0.787604
1 -0.938103 0.783376 -0.69567 0.799656 -0.725701 0.528266 -0.761716 1.06459
1 -0.739769 0.441415 -0.938103 0.783376 -0.822142 0.472332 -0.725701 0.528266
1 0.0697739 0.914863 0.181418 0.926263 0.167571 0.743093 0.130836 1.10285
1 0.038412 0.766428 0.0697739 0.914863 0.167571 0.743093 -0.0891475 0.797334
1 0.184485 0.681766 0.181418 0.926263 0.167571 0.743093 0.199856 0.743498
1 0.718444 0.949203 0.961448 0.796352 0.79217 0.821112 0.865827 0.938214
1 0.737792 0.770656 0.718444 0.949203 0.673868 0.808293 0.79217 0.821112
0 -0.69567 0.799656 -0.626134 0.741741 -0.725701 0.528266 -0.434188 0.878277
0 0.430319 0.82376 0.576845 0.700256 0.486791 0.586344 0.673868 0.808293
0 0.386953 0.74458 0.430319 0.82376 0.486791 0.586344 0.199856 0.743498
1 1.62501 0.71653 2.15588 0.204396 1.68469 0.371477 1.97198 0.669276
0 1.53491 0.652069 1.62501 0.71653 1.68469 0.371477 1.3177 0.88442
0 -0.626134 0.741741 -0.591554 0.745807 -0.407751 0.653456 -0.434188 0.878277
1 -0.544998 0.535678 -0.626134 0.741741 -0.725701 0.528266 -0.407751 0.653456
0 -0.910239 0.439915 -1.04323 0.672947 -0.982961 0.380555 -0.822142 0.472332
0 -1.12422 0.606112 -1.04323 0.672947 -0.982961 0.380555 -1.31887 0.787604
0 1.5211 0.594795 1.53491 0.652069 1.68469 0.371477 1.27372 0.470558
0 1.42675 0.663563 1.53491 0.652069 1.27372 0.470558 1.3177 0.88442
0 0.94817 0.704323 0.961448 0.796352 1.13082 0.77225 0.79217 0.821112
1 -0.591554 0.745808 -0.385797 0.806398 -0.38751 0.719765 -0.434188 0.878277
1 -0.591554 0.745808 -0.373862 0.679355 -0.407751 0.653456 -0.38751 0.719765
0 2.7394 0.026062 2.94248 -0.142748 1.88844 -0.311817 2.91611 0.924434
0 2.19566 0.151817 2.7394 0.0260619 1.88844 -0.311817 2.1232 0.703259
0 0.394793 0.655991 0.386953 0.74458 0.316457 0.571269 0.486791 0.586344
1 0.228954 0.637613 0.386953 0.74458 0.316457 0.571269 0.199856 0.743498
0 2.4002 -0.523172 2.94248 -0.142748 2.42476 -1.07631 1.88844 -0.311817
1 1.12129 0.430232 1.42675 0.663563 1.27372 0.470558 1.20029 0.566686
0 1.29364 0.712752 1.42675 0.663563 1.20029 0.566686 1.3177 0.88442
1 -0.36483 0.815258 -0.273229 0.766334 -0.367979 0.7216 -0.28874 0.869958
0 -0.385797 0.806398 -0.36483 0.815258 -0.367979 0.7216 -0.434188 0.878277
1 0.972255 0.640606 0.94817 0.704323 0.766256 0.634443 1.13082 0.77225
0 0.823814 0.721586 0.94817 0.704323 0.766256 0.634443 0.79217 0.821112
1 0.038412 0.766428 0.184485 0.681766 0.122864 0.665957 0.167571 0.743093
1 0.0132636 0.725845 0.038412 0.766428 0.122864 0.665957 -0.0891475 0.797334
1 -0.373862 0.679355 -0.385797 0.806398 -0.38751 0.719765 -0.367979 0.7216
1 1.01602 0.618935 1.29364 0.712752 1.20029 0.566686 1.13082 0.77225
1 -0.963373 0.207476 -1.12422 0.606112 -1.06938 0.345684 -0.982961 0.380555
1 -1.36158 0.472107 -1.12422 0.606112 -1.06938 0.345684 -1.31887 0.787604
1 1.58369 0.313861 1.5211 0.594795 1.46779 0.323151 1.68469 0.371477
1 1.25957 0.250478 1.5211 0.594795 1.46779 0.323151 1.27372 0.470558
0 -0.240586 0.713027 -0.273229 0.766334 -0.367979 0.7216 -0.190316 0.830395
0 -1.56535 0.457212 -1.36158 0.472107 -1.27344 0.166176 -1.31887 0.787604
1 -1.33753 0.0904099 -1.56535 0.457212 -1.43385 0.0665467 -1.27344 0.166176
1 0.0857946 0.577603 0.0132636 0.725845 -0.00671388 0.602557 0.122864 0.665957
1 -0.0961798 0.679526 0.0132636 0.725845 -0.00671388 0.602557 -0.0891475 0.797334
0 0.972255 0.640606 1.01602 0.618935 0.963683 0.434694 1.13082 0.77225
1 0.823944 0.49402 0.972255 0.640606 0.963683 0.434694 0.766256 0.634443
1 0.576845 0.700256 0.737792 0.770656 0.722038 0.698167 0.673868 0.808293
1 0.630476 0.587428 0.576845 0.700256 0.486791 0.586344 0.722038 0.698167
1 0.737792 0.770656 0.823814 0.721586 0.722038 0.698167 0.79217 0.821112
1 -0.240586 0.713027 -0.1757 0.7038 -0.225027 0.586297 -0.190316 0.830395
0 -0.293483 0.657139 -0.240586 0.713027 -0.225027 0.586297 -0.367979 0.7216
1 -0.1757 0.7038 -0.136845 0.678782 -0.225027 0.586297 -0.0891475 0.797334
1 0.630476 0.587428 0.823814 0.721586 0.766256 0.634443 0.722038 0.698167
1 1.12129 0.430232 1.01602 0.618935 0.963683 0.434694 1.20029 0.566686
0 -0.136845 0.678782 -0.0961798 0.679526 -0.0848464 0.562053 -0.0891475 0.797334
1 -0.155802 0.56917 -0.136845 0.678782 -0.0848464 0.562053 -0.225027 0.586297
1 -0.0195147 0.53164 -0.0961798 0.679526 -0.0848464 0.562053 -0.00671388 0.602557
1 -1.13955 0.219715 -1.36158 0.472107 -1.27344 0.166176 -1.06938 0.345684
1 0.478853 0.546111 0.394793 0.655991 0.437945 0.548976 0.486791 0.586344
0 0.379291 0.571515 0.394793 0.655991 0.437945 0.548976 0.316457 0.571269
1 -0.320907 0.514889 -0.293483 0.657139 -0.225027 0.586297 -0.383369 0.616823
0 -0.350029 0.665444 -0.293483 0.657139 -0.383369 0.616823 -0.367979 0.7216
1 0.178268 0.533984 0.228954 0.637613 0.316457 0.571269 0.122864 0.665957
0 0.184485 0.681766 0.228954 0.637613 0.122864 0.665957 0.199856 0.743498
0 0.641911 0.52099 0.630476 0.587428 0.486791 0.586344 0.766256 0.634443
1 -0.544998 0.535678 -0.350029 0.665444 -0.383369 0.616823 -0.407751 0.653456
0 -0.373862 0.679355 -0.350029 0.665444 -0.407751 0.653456 -0.367979 0.7216
0 -0.521773 0.445898 -0.544998 0.535678 -0.725701 0.528266 -0.383369 0.616823
0 1.8909 0.0609415 2.19566 0.151817 1.88844 -0.311817 1.68469 0.371477
0 2.19566 0.151817 2.15588 0.204396 1.68469 0.371477 2.1232 0.703259
0 0.67609 0.443693 0.641911 0.52099 0.474314 0.505354 0.766256 0.634443
1 0.478853 0.546111 0.641911 0.52099 0.474314 0.505354 0.486791 0.586344
1 0.200499 0.455994 0.178268 0.533984 0.0411892 0.492804 0.316457 0.571269
0 0.0857946 0.577603 0.178268 0.533984 0.0411892 0.492804 0.122864 0.665957
1 -0.0195148 0.53164 0.0857946 0.577603 0.0411892 0.492804 -0.00671388 0.602557
1 -0.521773 0.445898 -0.372005 0.424168 -0.437654 0.242687 -0.383369 0.616823
1 -0.586923 0.380186 -0.521773 0.445898 -0.437654 0.242687 -0.725701 0.528266
0 0.67609 0.443693 0.683054 0.438607 0.521827 0.299753 0.766256 0.634443
1 0.404213 0.380864 0.67609 0.443693 0.521827 0.299753 0.474314 0.505354
1 0.683054 0.438607 0.823944 0.49402 0.877374 0.351923 0.766256 0.634443
0 0.693847 0.365051 0.683054 0.438607 0.521827 0.299753 0.877374 0.351923
1 0.992145 0.318632 0.823944 0.49402 0.877374 0.351923 0.963683 0.434694
1 -0.131895 0.51083 -0.155802 0.56917 -0.201359 0.514306 -0.0848464 0.562053
1 -0.320907 0.514889 -0.155802 0.56917 -0.201359 0.514306 -0.225027 0.586297
0 -0.372005 0.424168 -0.320907 0.514889 -0.201359 0.514306 -0.383369 0.616823
1 0.412357 0.49067 0.379291 0.571515 0.353244 0.514333 0.437945 0.548976
1 0.200499 0.455994 0.379291 0.571515 0.353244 0.514333 0.316457 0.571269
0 0.201125 0.446913 0.200499 0.455994 0.0411892 0.492804 0.353244 0.514333
1 -0.372005 0.424168 -0.310206 0.370405 -0.437654 0.242687 -0.201359 0.514306
1 0.201125 0.446913 0.393733 0.37263 0.26858 0.29481 0.353244 0.514333
1 0.0777782 0.305252 0.201125 0.446913 0.26858 0.29481 0.0411892 0.492804
1 -0.0444336 0.486287 -0.0195148 0.53164 0.0411892 0.492804 -0.0848464 0.562053
0 1.12971 0.357473 1.12129 0.430232 0.963683 0.434694 1.27372 0.470558
1 0.412357 0.49067 0.478853 0.546111 0.474314 0.505354 0.437945 0.548976
0 -0.579424 0.300936 -0.586923 0.380186 -0.707751 0.217129 -0.437654 0.242687
0 -0.658509 0.376056 -0.586923 0.380186 -0.707751 0.217129 -0.725701 0.528266
1 -0.131895 0.51083 -0.0444336 0.486287 -0.118365 0.442608 -0.0848464 0.562053
1 -0.243587 0.381541 -0.131895 0.51083 -0.118365 0.442608 -0.201359 0.514306
1 0.00778199 0.320312 -0.0444336 0.486287 -0.118365 0.442608 0.0411892 0.492804
0 0.404213 0.380864 0.412357 0.49067 0.474314 0.505354 0.353244 0.514333
0 -0.310206 0.370405 -0.243587 0.381541 -0.160475 0.269728 -0.201359 0.514306
1 -0.297183 0.23692 -0.310206 0.370405 -0.437654 0.242687 -0.160475 0.269728
0 0.724561 0.309578 0.693847 0.365051 0.607569 0.202537 0.877374 0.351923
1 0.457495 0.156594 0.693847 0.365051 0.607569 0.202537 0.521827 0.299753
1 -0.876164 0.246961 -0.658509 0.376056 -0.707751 0.217129 -0.821585 0.409054
0 -0.739769 0.441415 -0.658509 0.376056 -0.821585 0.409054 -0.725701 0.528266
1 1.12971 0.357473 1.25957 0.250478 1.04627 0.194485 1.27372 0.470558
1 1.00178 0.31349 1.12971 0.357473 1.04627 0.194485 0.963683 0.434694
1 -0.910239 0.439915 -0.739769 0.441415 -0.821585 0.409054 -0.822142 0.472332
1 -0.876164 0.246961 -0.910239 0.439915 -0.982961 0.380555 -0.821585 0.409054
0 0.393733 0.37263 0.404213 0.380864 0.521827 0.299753 0.353244 0.514333
1 -0.243587 0.381541 0.00778201 0.320312 -0.160475 0.269728 -0.118365 0.442608
1 0.396945 0.208064 0.393733 0.37263 0.26858 0.29481 0.521827 0.299753
1 0.165877 0.1749 0.0777781 0.305252 0.0163194 0.124317 0.26858 0.29481
1 0.0201382 0.309142 0.0777781 0.305252 0.0163194 0.124317 0.0411892 0.492804
0 0.00778201 0.320312 0.0201382 0.309142 -0.160475 0.269728 0.0411892 0.492804
0 -0.0658968 0.204538 0.0201382 0.309142 0.0163194 0.124317 -0.160475 0.269728
0 1.28055 0.181755 1.25957 0.250478 1.04627 0.194485 1.46779 0.323151
1 0.724561 0.309578 0.992145 0.318632 0.879887 0.277659 0.877374 0.351923
1 0.750628 0.215085 0.724561 0.309578 0.607569 0.202537 0.879887 0.277659
1 -0.516961 0.110686 -0.579424 0.300936 -0.659077 0.16999 -0.437654 0.242687
1 -0.795241 0.078092 -0.579424 0.300936 -0.659077 0.16999 -0.707751 0.217129
1 0.879563 0.0690097 1.00178 0.31349 1.04627 0.194485 0.879887 0.277659
0 0.992145 0.318632 1.00178 0.313491 0.879887 0.277659 0.963683 0.434694
0 -1.93562 -0.0873279 -1.61239 -0.236405 -1.72691 -0.568883 -1.43385 0.0665467
1 -2.36152 -0.92803 -1.93562 -0.0873279 -1.72691 -0.568883 -2.44734 -0.203913
0 1.77658 -0.0428674 1.8909 0.0609416 1.88844 -0.311817 1.51963 0.09434
0 1.70698 0.170484 1.8909 0.0609413 1.51963 0.09434 1.68469 0.371477
1 1.70698 0.170484 1.58369 0.313861 1.51159 0.222641 1.68469 0.371477
1 1.28055 0.181755 1.58369 0.313862 1.51159 0.222641 1.46779 0.323151
0 -0.89621 0.213204 -0.876164 0.246961 -0.707751 0.217129 -0.982961 0.380555
0 1.28122 0.170638 1.28055 0.181755 1.04627 0.194485 1.51159 0.222641
0 1.28122 0.170638 1.30833 0.1455 1.24673 -0.0629927 1.51159 0.222641
1 0.990483 -0.0557196 1.28122 0.170638 1.24673 -0.0629927 1.04627 0.194485
1 -0.795241 0.078092 -0.89621 0.213204 -0.953369 0.0335802 -0.707751 0.217129
0 -0.963373 0.207476 -0.89621 0.213204 -0.953369 0.0335802 -0.982961 0.380555
1 -1.07099 0.167471 -0.963373 0.207476 -0.953369 0.0335802 -1.06938 0.345684
1 -0.297183 0.23692 -0.161536 0.110658 -0.320122 0.0982144 -0.160475 0.269728
0 -0.340127 0.201984 -0.297183 0.23692 -0.320122 0.0982144 -0.437654 0.242687
1 1.30833 0.1455 1.70698 0.170484 1.51963 0.09434 1.51159 0.222641
0 -1.13955 0.219715 -1.07099 0.167472 -1.24239 0.118637 -1.06938 0.345684
1 -1.33753 0.09041 -1.13955 0.219715 -1.24239 0.118637 -1.27344 0.166176
1 0.396945 0.208064 0.457495 0.156594 0.326567 0.0700447 0.521827 0.299753
1 0.221567 0.162818 0.396945 0.208064 0.326567 0.0700447 0.26858 0.29481
1 1.48192 -0.155606 1.30833 0.1455 1.24673 -0.0629927 1.51963 0.09434
0 0.79337 0.124447 0.750628 0.215085 0.620119 0.155161 0.879887 0.277659
1 0.465527 0.139558 0.750628 0.215085 0.620119 0.155161 0.607569 0.202537
1 -1.1128 0.0253955 -1.07099 0.167472 -0.953369 0.0335802 -1.24239 0.118637
0 0.165877 0.1749 0.221567 0.162818 0.209659 0.0232114 0.26858 0.29481
1 0.0856244 0.0214365 0.165877 0.1749 0.209659 0.0232114 0.0163194 0.124317
1 0.0856244 0.0214365 -0.0658969 0.204538 -0.00247412 0.108765 0.0163194 0.124317
1 -0.161536 0.110658 -0.0658969 0.204538 -0.00247412 0.108765 -0.160475 0.269728
0 0.465527 0.139558 0.457495 0.156594 0.326567 0.0700447 0.607569 0.202537
1 -0.345895 -0.160909 -0.340127 0.201984 -0.320122 0.0982144 -0.36342 0.0989025
1 -0.516961 0.110686 -0.340127 0.201984 -0.36342 0.0989025 -0.437654 0.242687
0 0.260334 0.0660464 0.221567 0.162818 0.209659 0.0232114 0.326567 0.0700447
0 0.79337 0.124447 0.879563 0.0690097 0.68984 -0.0178235 0.879887 0.277659
1 0.504819 0.00814733 0.79337 0.124447 0.68984 -0.0178235 0.620119 0.155161
1 0.500243 0.0198279 0.465527 0.139558 0.326567 0.0700447 0.620119 0.155161
0 0.927961 -0.0122424 0.879563 0.0690097 0.68984 -0.0178235 1.04627 0.194485
1 -0.160355 0.0751074 -0.161536 0.110658 -0.320122 0.0982144 -0.00247412 0.108765
0 -0.522883 0.0860587 -0.516961 0.110686 -0.36342 0.0989025 -0.659077 0.16999
1 1.78578 -0.454618 1.77658 -0.0428671 1.67684 -0.316546 1.88844 -0.311817
1 1.48192 -0.155606 1.77658 -0.0428672 1.67684 -0.316546 1.51963 0.09434
1 -0.345895 -0.160909 -0.522883 0.0860587 -0.586292 -0.0608176 -0.36342 0.0989025
1 -0.763729 0.0101077 -0.522883 0.0860587 -0.586292 -0.0608176 -0.659077 0.16999
0 -0.763729 0.0101077 -0.795241 0.078092 -0.953369 0.0335802 -0.659077 0.16999
1 -0.160355 0.0751074 0.0690446 -0.0196736 -0.0722747 -0.0601743 -0.00247412 0.108765
1 -0.320757 -0.17589 -0.160355 0.0751074 -0.0722747 -0.0601743 -0.320122 0.0982144
0 0.927961 -0.0122424 0.990483 -0.0557196 0.775346 -0.195112 1.04627 0.194485
1 0.593201 -0.173696 0.927961 -0.0122423 0.775346 -0.195112 0.68984 -0.0178235
1 -0.77674 -0.0404855 -0.763729 0.0101077 -0.586292 -0.0608176 -0.953369 0.0335802
0 1.00534 -0.108736 0.990483 -0.0557196 0.775346 -0.195112 1.24673 -0.0629927
0 0.504819 0.00814733 0.500244 0.0198279 0.320341 0.037728 0.620119 0.155161
1 0.260334 0.0660464 0.500244 0.0198279 0.320341 0.037728 0.326567 0.0700447
0 0.502317 -0.00849707 0.504819 0.00814733 0.68984 -0.0178235 0.320341 0.037728
0 -1.30548 -0.0273767 -1.33753 0.0904099 -1.43385 0.0665467 -1.24239 0.118637
1 -1.0097 -0.123766 -1.1128 0.0253955 -1.17679 -0.120865 -0.953369 0.0335802
1 -1.30548 -0.0273767 -1.1128 0.0253955 -1.17679 -0.120865 -1.24239 0.118637
1 0.558691 -0.156046 0.502317 -0.00849707 0.368787 -0.140489 0.68984 -0.0178235
0 0.384833 -0.0404339 0.502317 -0.00849706 0.368787 -0.140489 0.320341 0.037728
0 -0.745473 -0.0992901 -0.776739 -0.0404855 -0.866382 -0.209742 -0.586292 -0.0608176
1 -1.00969 -0.123766 -0.776739 -0.0404855 -0.866382 -0.209742 -0.953369 0.0335802
0 0.0690446 -0.0196736 0.0856244 0.0214365 0.209659 0.0232114 -0.00247412 0.108765
1 1.1344 -0.393599 1.00534 -0.108736 0.811788 -0.26005 1.24673 -0.0629927
1 0.728217 -0.264255 1.00534 -0.108736 0.811788 -0.26005 0.775346 -0.195112
1 0.273872 -0.0371785 0.260334 0.0660464 0.209659 0.0232114 0.320341 0.037728
0 -1.46535 -0.246654 -1.30548 -0.0273767 -1.17679 -0.120865 -1.43385 0.0665467
0 0.0928277 -0.100086 0.0690446 -0.0196736 -0.0722747 -0.0601743 0.209659 0.0232114
0 -1.61239 -0.236405 -1.46535 -0.246654 -1.4776 -0.561196 -1.43385 0.0665467
1 -1.58981 -0.968882 -1.61239 -0.236405 -1.72691 -0.568883 -1.4776 -0.561196
0 -0.336732 -0.176244 -0.345895 -0.160909 -0.586292 -0.0608176 -0.320122 0.0982144
0 -0.336733 -0.176244 -0.320757 -0.17589 -0.307988 -0.449697 -0.320122 0.0982144
0 -0.393756 -0.217053 -0.336733 -0.176244 -0.307988 -0.449697 -0.586292 -0.0608176
0 -0.320757 -0.17589 -0.244051 -0.222307 -0.307988 -0.449697 -0.0722747 -0.0601743
1 1.44088 -0.225238 1.48192 -0.155606 1.67684 -0.316546 1.24673 -0.0629927
1 0.0928277 -0.100086 0.242192 -0.0615804 0.254707 -0.151533 0.209659 0.0232114
1 0.0710896 -0.177889 0.0928277 -0.100086 0.254707 -0.151533 -0.0722747 -0.0601743
1 -1.46535 -0.246654 -1.11367 -0.486902 -1.4776 -0.561196 -1.17679 -0.120865
1 -0.745473 -0.0992901 -0.393756 -0.217053 -0.64155 -0.225855 -0.586292 -0.0608176
1 -0.766494 -0.392599 -0.745473 -0.0992901 -0.64155 -0.225855 -0.866382 -0.209742
1 0.315324 -0.182955 0.384833 -0.0404339 0.368787 -0.140489 0.31587 -0.11468
1 0.273872 -0.0371785 0.384833 -0.0404339 0.31587 -0.11468 0.320341 0.037728
1 0.242192 -0.0615804 0.273872 -0.0371785 0.31587 -0.11468 0.209659 0.0232114
1 -1.11367 -0.486902 -1.00969 -0.123766 -0.866382 -0.209742 -1.17679 -0.120865
0 0.558691 -0.156046 0.593201 -0.173697 0.523374 -0.343284 0.68984 -0.0178235
1 0.364197 -0.304305 0.558691 -0.156046 0.523374 -0.343284 0.368787 -0.140489
0 -0.433387 -0.27611 -0.393756 -0.217053 -0.307988 -0.449697 -0.64155 -0.225855
0 2.20849 -0.760967 2.4002 -0.523172 2.42476 -1.07631 1.85444 -0.616535
1 1.78578 -0.454618 2.4002 -0.523172 1.85444 -0.616535 1.88844 -0.311817
1 0.315324 -0.182955 0.242192 -0.0615804 0.254707 -0.151533 0.31587 -0.11468
1 1.70046 -0.505129 1.44088 -0.225238 1.51419 -0.467401 1.67684 -0.316546
1 1.15146 -0.416649 1.44088 -0.225238 1.51419 -0.467401 1.24673 -0.0629927
1 -0.244051 -0.222307 0.0710897 -0.177889 -0.0341524 -0.330644 -0.0722747 -0.0601743
0 -0.195514 -0.333946 -0.244051 -0.222307 -0.307988 -0.449697 -0.0341524 -0.330644
1 0.653244 -0.275803 0.593201 -0.173697 0.523374 -0.343284 0.775346 -0.195112
0 0.107372 -0.236402 0.0710896 -0.177889 -0.0341524 -0.330644 0.254707 -0.151533
0 1.14771 -0.417409 1.1344 -0.393599 0.793969 -0.316009 1.24673 -0.0629927
1 0.728217 -0.264255 1.13441 -0.393599 0.793969 -0.316009 0.811788 -0.26005
0 1.14771 -0.417409 1.15146 -0.416649 1.37695 -0.705273 1.24673 -0.0629927
1 0.945087 -0.720866 1.14771 -0.417409 1.37695 -0.705273 0.793969 -0.316009
1 1.15146 -0.416649 1.60399 -0.67774 1.37695 -0.705273 1.51419 -0.467401
1 -0.434239 -0.532903 -0.433387 -0.27611 -0.307988 -0.449697 -0.559935 -0.448861
1 -0.751491 -0.392528 -0.433387 -0.27611 -0.559935 -0.448861 -0.64155 -0.225855
1 0.107372 -0.236402 0.324461 -0.277345 0.213673 -0.369107 0.254707 -0.151533
1 0.0721876 -0.463098 0.107372 -0.236402 0.213673 -0.369107 -0.0341524 -0.330644
0 0.324461 -0.277345 0.315324 -0.182955 0.254707 -0.151533 0.368787 -0.140489
0 -1.07506 -0.55405 -1.11367 -0.486902 -1.4776 -0.561196 -0.866382 -0.209742
0 0.653244 -0.275803 0.728217 -0.264255 0.793969 -0.316009 0.775346 -0.195112
1 0.663554 -0.378088 0.653244 -0.275803 0.523374 -0.343284 0.793969 -0.316009
0 0.324461 -0.277345 0.364197 -0.304305 0.213673 -0.369107 0.368787 -0.140489
1 0.374984 -0.433675 0.364197 -0.304305 0.213673 -0.369107 0.523374 -0.343284
0 -1.07506 -0.55405 -0.929265 -0.498359 -0.689979 -0.671553 -0.866382 -0.209742
1 -1.09608 -0.704063 -1.07506 -0.55405 -0.689979 -0.671553 -1.4776 -0.561196
0 -0.166218 -0.387259 -0.195514 -0.333946 -0.284814 -0.468386 -0.0341524 -0.330644
1 -0.374521 -0.555906 -0.195514 -0.333946 -0.284814 -0.468386 -0.307988 -0.449697
0 -0.766494 -0.392599 -0.751491 -0.392528 -0.639995 -0.558165 -0.64155 -0.225855
0 -0.929265 -0.498359 -0.766494 -0.392599 -0.639995 -0.558165 -0.866382 -0.209742
1 -0.751491 -0.392528 -0.498038 -0.578169 -0.639995 -0.558165 -0.559935 -0.448861
1 -2.36152 -0.92803 -1.73947 -0.97966 -1.7948 -1.38689 -1.72691 -0.568883
0 -2.4778 -0.992174 -2.36152 -0.92803 -1.7948 -1.38689 -2.44734 -0.203913
1 -0.929265 -0.498359 -0.577416 -0.653462 -0.689979 -0.671553 -0.639995 -0.558165
1 -2.4778 -0.992174 -1.77641 -1.5509 -1.94039 -1.56964 -1.7948 -1.38689
1 0.866789 -0.701621 0.663554 -0.378088 0.551017 -0.468625 0.793969 -0.316009
1 0.382379 -0.440098 0.663554 -0.378088 0.551017 -0.468625 0.523374 -0.343284
1 -0.166218 -0.387259 0.0721876 -0.463098 -0.0911339 -0.509771 -0.0341524 -0.330644
0 -0.180762 -0.455328 -0.166218 -0.387259 -0.0911339 -0.509771 -0.284814 -0.468386
0 0.374984 -0.433675 0.382379 -0.440098 0.306274 -0.593265 0.523374 -0.343284
1 0.110825 -0.5428 0.374984 -0.433675 0.306274 -0.593265 0.213673 -0.369107
1 0.505559 -0.681974 0.382379 -0.440098 0.306274 -0.593265 0.551017 -0.468625
1 1.70046 -0.505129 1.78578 -0.454618 1.85444 -0.616535 1.67684 -0.316546
0 0.945087 -0.720866 1.24649 -0.878305 1.179 -1.08423 1.37695 -0.705273
0 0.930477 -0.728189 0.945087 -0.720866 1.179 -1.08423 0.793969 -0.316009
0 0.107754 -0.540166 0.0721876 -0.463098 -0.0911339 -0.509771 0.213673 -0.369107
0 0.861754 -0.996863 0.930477 -0.728189 1.179 -1.08423 0.541525 -0.921172
0 0.866789 -0.701621 0.930477 -0.728189 0.541525 -0.921172 0.793969 -0.316009
0 -1.09608 -0.704063 -0.890879 -0.752512 -0.747406 -0.91478 -0.689979 -0.671553
0 -1.10727 -0.727171 -1.09608 -0.704063 -0.747406 -0.91478 -1.4776 -0.561196
1 0.538029 -0.694726 0.866789 -0.701621 0.541525 -0.921172 0.551017 -0.468625
1 1.64872 -0.623177 1.70046 -0.505129 1.85444 -0.616535 1.51419 -0.467401
1 -0.863881 -1.05008 -1.10727 -0.727171 -1.02603 -1.12479 -0.747406 -0.91478
1 -1.44948 -1.00137 -1.10727 -0.727171 -1.02603 -1.12479 -1.4776 -0.561196
0 0.107753 -0.540166 0.110825 -0.5428 -0.0451463 -0.67094 0.213673 -0.369107
1 -0.12512 -0.606614 0.107753 -0.540166 -0.0451463 -0.67094 -0.0911339 -0.509771
0 0.126274 -0.612695 0.110825 -0.5428 -0.0451463 -0.67094 0.306274 -0.593265
1 -0.163241 -0.533634 -0.180762 -0.455328 -0.238641 -0.542777 -0.0911339 -0.509771
1 -0.357403 -0.564965 -0.180762 -0.455328 -0.238641 -0.542777 -0.284814 -0.468386
1 2.08162 -0.976252 2.20849 -0.760967 2.42476 -1.07631 1.82785 -0.724554
1 1.64872 -0.623177 2.20849 -0.760967 1.82785 -0.724554 1.85444 -0.616535
0 -0.434239 -0.532903 -0.374521 -0.555906 -0.396433 -0.679304 -0.307988 -0.449697
1 -0.498038 -0.578169 -0.434239 -0.532903 -0.396433 -0.679304 -0.559935 -0.448861
0 1.60399 -0.67774 1.64872 -0.623177 1.82785 -0.724554 1.51419 -0.467401
0 -0.374521 -0.555907 -0.357403 -0.564965 -0.396433 -0.679304 -0.284814 -0.468386
1 0.126274 -0.612695 0.50556 -0.681974 0.287782 -0.694504 0.306274 -0.593265
0 0.123997 -0.64487 0.126274 -0.612695 0.287782 -0.694504 -0.0451463 -0.67094
1 -0.523658 -0.62968 -0.498038 -0.578169 -0.396433 -0.679304 -0.639995 -0.558165
0 -0.327449 -0.599584 -0.357403 -0.564965 -0.396433 -0.679304 -0.238641 -0.542777
1 1.59995 -0.772152 1.60399 -0.67774 1.82785 -0.724554 1.37695 -0.705273
1 -0.12512 -0.606614 -0.163241 -0.533634 -0.22402 -0.579184 -0.0911339 -0.509771
1 -0.32745 -0.599584 -0.163241 -0.533634 -0.22402 -0.579184 -0.238641 -0.542777
0 0.5097 -0.6868 0.505559 -0.681974 0.287782 -0.694504 0.551017 -0.468625
0 0.5097 -0.6868 0.538029 -0.694726 0.431796 -0.894738 0.551017 -0.468625
1 0.277331 -0.853927 0.5097 -0.6868 0.431796 -0.894738 0.287782 -0.694504
0 0.489842 -0.894749 0.538029 -0.694726 0.541525 -0.921172 0.431796 -0.894738
1 0.248099 -0.852132 0.123997 -0.64487 0.0904123 -0.812683 0.287782 -0.694504
1 -0.0695435 -0.829966 0.123997 -0.64487 0.0904123 -0.812683 -0.0451463 -0.67094
1 -0.407263 -0.839665 -0.523658 -0.62968 -0.548996 -0.763869 -0.396433 -0.679304
0 -0.577416 -0.653462 -0.523658 -0.62968 -0.548996 -0.763869 -0.639995 -0.558165
1 -0.25887 -0.717682 -0.32745 -0.599584 -0.396433 -0.679304 -0.22402 -0.579184
0 -1.51189 -3 -1.43791 -2.77834 -0.566785 -2.09271 -1.72266 -1.70695
0 -0.30169 -3 -0.0393481 -2.31504 0.50166 -2.50193 -0.566785 -2.09271
1 -0.182671 -0.718805 -0.12512 -0.606614 -0.0451463 -0.67094 -0.22402 -0.579184
1 -0.890879 -0.752512 -0.600115 -0.688127 -0.674581 -0.741089 -0.689979 -0.671553
0 -0.890879 -0.752512 -0.852529 -0.768591 -0.747406 -0.91478 -0.674581 -0.741089
1 1.67477 -0.896856 1.59995 -0.772152 1.45069 -0.950832 1.82785 -0.724554
1 1.24649 -0.878305 1.59995 -0.772153 1.45069 -0.950832 1.37695 -0.705273
0 -0.600115 -0.688127 -0.577416 -0.653462 -0.548996 -0.763869 -0.689979 -0.671553
1 -1.58981 -0.968882 -1.44948 -1.00137 -1.66818 -1.3844 -1.4776 -0.561196
1 -1.73947 -0.979659 -1.58981 -0.968882 -1.66818 -1.3844 -1.72691 -0.568883
1 -1.32874 -1.30003 -1.44948 -1.00137 -1.66818 -1.3844 -1.02603 -1.12479
1 -1.72846 -1.5401 -1.73947 -0.979659 -1.7948 -1.38689 -1.66818 -1.3844
1 -0.182671 -0.718805 -0.0695435 -0.829966 -0.228117 -0.857148 -0.0451463 -0.67094
1 -0.25887 -0.717682 -0.182671 -0.718805 -0.228117 -0.857148 -0.22402 -0.579184
1 -0.36839 -0.821334 -0.25887 -0.717682 -0.228117 -0.857148 -0.396433 -0.679304
1 -0.852529 -0.768591 -0.647799 -0.818699 -0.707396 -0.875167 -0.674581 -0.741089
1 -0.663579 -0.959435 -0.852529 -0.768591 -0.747406 -0.91478 -0.707396 -0.875167
1 -0.614393 -0.766838 -0.600115 -0.688127 -0.548996 -0.763869 -0.674581 -0.741089
1 2.10677 -1.42426 2.08162 -0.976252 1.75184 -1.11407 2.42476 -1.07631
1 1.67477 -0.896856 2.08162 -0.976252 1.75184 -1.11407 1.82785 -0.724554
0 1.31084 -1.00937 1.24649 -0.878305 1.179 -1.08423 1.45069 -0.950832
0 1.64239 -0.956586 1.67477 -0.896856 1.75184 -1.11407 1.45069 -0.950832
0 0.871615 -1.03402 0.861754 -0.996863 0.62959 -1.23005 1.179 -1.08423
1 0.542464 -1.0879 0.861754 -0.996863 0.62959 -1.23005 0.541525 -0.921172
1 -0.0673237 -0.845868 -0.0695435 -0.829966 -0.228117 -0.857148 0.0904123 -0.812683
1 -0.36839 -0.821334 -0.186347 -0.937303 -0.276646 -0.933325 -0.228117 -0.857148
0 -0.407264 -0.839665 -0.36839 -0.821334 -0.276646 -0.933325 -0.396433 -0.679304
0 -0.40837 -0.841444 -0.407264 -0.839665 -0.276646 -0.933325 -0.548996 -0.763869
1 -0.449329 -0.938344 -0.40837 -0.841444 -0.276646 -0.933325 -0.56606 -0.810992
1 -0.614393 -0.766838 -0.40837 -0.841444 -0.56606 -0.810992 -0.548996 -0.763869
1 -0.0673237 -0.845868 0.160298 -0.908012 0.0516664 -0.954603 0.0904123 -0.812683
1 -0.100116 -0.940011 -0.0673237 -0.845868 0.0516664 -0.954603 -0.228117 -0.857148
0 0.248099 -0.852132 0.277331 -0.853928 0.268197 -1.01343 0.287782 -0.694504
0 0.181731 -0.910908 0.248099 -0.852132 0.268197 -1.01343 0.0904123 -0.812683
1 0.359055 -0.966571 0.277331 -0.853927 0.268197 -1.01343 0.431796 -0.894738
1 -0.647799 -0.818699 -0.614393 -0.766838 -0.56606 -0.810992 -0.674581 -0.741089
1 0.871615 -1.03402 1.39093 -1.37115 1.04259 -1.29435 1.179 -1.08423
1 0.820091 -1.36497 0.871615 -1.03402 1.04259 -1.29435 0.62959 -1.23005
1 -0.588166 -0.95003 -0.647799 -0.818699 -0.707396 -0.875167 -0.56606 -0.810992
1 1.4709 -1.49408 1.64239 -0.956586 1.75184 -1.11407 1.46196 -1.02158
1 1.31084 -1.00937 1.64239 -0.956586 1.46196 -1.02158 1.45069 -0.950832
1 -0.449329 -0.938344 -0.353103 -1.02663 -0.439501 -1.11082 -0.276646 -0.933325
1 -0.537021 -0.975359 -0.449329 -0.938344 -0.439501 -1.11082 -0.56606 -0.810992
1 0.151773 -1.09833 0.181731 -0.910908 0.268197 -1.01343 0.0676149 -0.98137
0 0.160298 -0.908012 0.181731 -0.910908 0.0676149 -0.98137 0.0904123 -0.812683
1 -0.0810098 -1.03056 -0.100116 -0.940011 -0.233065 -1.01468 0.0516664 -0.954603
0 -0.186347 -0.937303 -0.100116 -0.940011 -0.233065 -1.01468 -0.228117 -0.857148
1 -0.0725689 -1.04676 0.160298 -0.908012 0.0676149 -0.98137 0.0516664 -0.954603
0 -0.540536 -0.990026 -0.537021 -0.975359 -0.439501 -1.11082 -0.685358 -1.05188
0 -0.588166 -0.95003 -0.537021 -0.975359 -0.685358 -1.05188 -0.56606 -0.810992
0 -0.663579 -0.959435 -0.588166 -0.95003 -0.685358 -1.05188 -0.707396 -0.875167
1 -0.490122 -1.21347 -0.540537 -0.990026 -0.579916 -1.1425 -0.439501 -1.11082
1 -0.691814 -1.16605 -0.540537 -0.990026 -0.579916 -1.1425 -0.685358 -1.05188
1 0.542464 -1.0879 0.489842 -0.894749 0.458704 -0.943736 0.541525 -0.921172
1 0.359055 -0.966571 0.489842 -0.894749 0.458704 -0.943736 0.431796 -0.894738
1 -0.353103 -1.02663 -0.186347 -0.937303 -0.233065 -1.01468 -0.276646 -0.933325
1 1.39093 -1.37115 1.31084 -1.00937 1.179 -1.08423 1.46196 -1.02158
1 0.374967 -1.01006 0.359055 -0.966571 0.268197 -1.01343 0.458704 -0.943736
1 -0.863881 -1.05008 -0.663579 -0.959435 -0.685358 -1.05188 -0.747406 -0.91478
1 -0.848386 -1.1225 -0.863881 -1.05008 -1.02603 -1.12479 -0.685358 -1.05188
0 -0.0725689 -1.04676 -0.0810098 -1.03056 -0.219277 -1.0958 0.0516664 -0.954603
1 -0.331447 -1.07313 -0.0810098 -1.03056 -0.219277 -1.0958 -0.233065 -1.01468
0 -0.0649894 -1.06576 -0.0725689 -1.04676 -0.219277 -1.0958 0.0676149 -0.98137
1 0.374967 -1.01006 0.507812 -1.10858 0.335813 -1.10945 0.458704 -0.943736
1 0.202014 -1.13185 0.374967 -1.01006 0.335813 -1.10945 0.268197 -1.01343
1 -0.331447 -1.07313 -0.353103 -1.02663 -0.439501 -1.11082 -0.233065 -1.01468
1 -0.0649893 -1.06576 0.0026725 -1.12759 -0.137105 -1.20543 0.0676149 -0.98137
1 -0.25687 -1.20958 -0.0649893 -1.06576 -0.137105 -1.20543 -0.219277 -1.0958
0 0.507812 -1.10858 0.542464 -1.0879 0.62959 -1.23005 0.458704 -0.943736
1 0.434186 -1.28794 0.507812 -1.10858 0.62959 -1.23005 0.335813 -1.10945
0 -0.848386 -1.1225 -0.843949 -1.12629 -0.89259 -1.29457 -0.685358 -1.05188
1 -1.10086 -1.32093 -0.848386 -1.1225 -0.89259 -1.29457 -1.02603 -1.12479
0 -1.32874 -1.30003 -1.10086 -1.32093 -1.06295 -1.52741 -1.02603 -1.12479
1 -1.36599 -1.45768 -1.32874 -1.30003 -1.06295 -1.52741 -1.66818 -1.3844
1 -0.843949 -1.12629 -0.691814 -1.16605 -0.742048 -1.26878 -0.685358 -1.05188
1 -0.768976 -1.56377 -0.843948 -1.12629 -0.89259 -1.29457 -0.742048 -1.26878
1 1.52959 -1.72499 2.10677 -1.42426 2.15763 -1.89288 1.75184 -1.11407
1 0.151773 -1.09833 0.202014 -1.13185 0.118058 -1.23842 0.268197 -1.01343
1 0.0026725 -1.12759 0.151773 -1.09833 0.118058 -1.23842 0.0676149 -0.98137
0 -0.329562 -1.10076 -0.331448 -1.07313 -0.439501 -1.11082 -0.219277 -1.0958
1 -0.0213992 -1.31378 0.00267248 -1.12759 0.118058 -1.23842 -0.137105 -1.20543
1 -0.25687 -1.20958 -0.329562 -1.10076 -0.37638 -1.20074 -0.219277 -1.0958
1 -0.490122 -1.21347 -0.329562 -1.10076 -0.37638 -1.20074 -0.439501 -1.11082
1 0.30441 -1.30475 0.202014 -1.13185 0.118058 -1.23842 0.335813 -1.10945
0 1.4709 -1.49408 1.39093 -1.37115 1.04259 -1.29435 1.46196 -1.02158
0 1.52959 -1.72499 1.4709 -1.49408 1.04259 -1.29435 1.75184 -1.11407
1 -0.534391 -1.36818 -0.691814 -1.16605 -0.742048 -1.26878 -0.579916 -1.1425
0 1.30783 -2.13811 1.52959 -1.72499 2.15763 -1.89288 1.04259 -1.29435
1 0.434186 -1.28794 0.532475 -1.38219 0.384546 -1.4856 0.62959 -1.23005
1 0.30441 -1.30475 0.434186 -1.28794 0.384546 -1.4856 0.335813 -1.10945
0 -0.257166 -1.2247 -0.25687 -1.20958 -0.137105 -1.20543 -0.37638 -1.20074
0 -0.534391 -1.36818 -0.490122 -1.21347 -0.37638 -1.20074 -0.579916 -1.1425
1 -0.257166 -1.2247 -0.0762275 -1.30368 -0.189666 -1.32584 -0.137105 -1.20543
1 -0.293233 -1.27853 -0.257166 -1.2247 -0.189666 -1.32584 -0.37638 -1.20074
1 0.231738 -1.3831 0.30441 -1.30475 0.384546 -1.4856 0.118058 -1.23842
1 -1.10086 -1.32093 -0.768976 -1.56377 -1.06295 -1.52741 -0.89259 -1.29457
1 1.24932 -2.1119 0.820092 -1.36497 0.647049 -1.52165 1.04259 -1.29435
1 0.532475 -1.38219 0.820092 -1.36497 0.647049 -1.52165 0.62959 -1.23005
0 -0.525271 -1.4172 -0.534391 -1.36818 -0.742048 -1.26878 -0.37638 -1.20074
1 -1.36599 -1.45768 -0.842359 -1.78923 -1.17337 -1.70179 -1.06295 -1.52741
1 -1.44911 -1.58728 -1.36599 -1.45768 -1.17337 -1.70179 -1.66818 -1.3844
0 -0.52527 -1.4172 -0.494567 -1.4235 -0.47372 -1.67481 -0.37638 -1.20074
1 -0.761359 -1.57322 -0.52527 -1.4172 -0.47372 -1.67481 -0.742048 -1.26878
0 0.0165455 -1.394 -0.0213991 -1.31378 -0.168122 -1.37379 0.118058 -1.23842
0 -0.0762275 -1.30368 -0.0213992 -1.31378 -0.168122 -1.37379 -0.137105 -1.20543
1 -0.293233 -1.27853 -0.208545 -1.36314 -0.245824 -1.38205 -0.189666 -1.32584
1 -0.494567 -1.4235 -0.293233 -1.27853 -0.245824 -1.38205 -0.37638 -1.20074
0 -0.494567 -1.4235 -0.420062 -1.4815 -0.47372 -1.67481 -0.245824 -1.38205
1 -0.208545 -1.36314 -0.0762275 -1.30368 -0.168122 -1.37379 -0.189666 -1.32584
1 0.278289 -1.60411 0.231738 -1.3831 0.133257 -1.53853 0.384546 -1.4856
1 0.0165456 -1.394 0.231738 -1.3831 0.133257 -1.53853 0.118058 -1.23842
1 0.504805 -1.58366 0.532475 -1.38219 0.647049 -1.52165 0.384546 -1.4856
0 -0.0118386 -1.44592 0.0165455 -1.394 0.133257 -1.53853 -0.168122 -1.37379
0 1.24932 -2.1119 1.30783 -2.13811 0.50166 -2.50193 1.04259 -1.29435
0 -0.761359 -1.57322 -0.768976 -1.56377 -1.06295 -1.52741 -0.742048 -1.26878
1 -0.769611 -1.6062 -0.761359 -1.57322 -0.47372 -1.67481 -1.06295 -1.52741
0 0.959797 -2.06896 1.24932 -2.1119 0.50166 -2.50193 0.647049 -1.52165
1 -0.0432985 -1.51577 -0.0118386 -1.44592 0.133257 -1.53853 -0.177343 -1.39863
1 -0.207462 -1.37332 -0.0118386 -1.44592 -0.177343 -1.39863 -0.168122 -1.37379
1 -0.420062 -1.4815 -0.224309 -1.4429 -0.221115 -1.50736 -0.245824 -1.38205
1 -0.193093 -1.82389 -0.420062 -1.4815 -0.47372 -1.67481 -0.221115 -1.50736
1 -1.43791 -2.77834 -1.44911 -1.58728 -1.72266 -1.70695 -1.17337 -1.70179
1 -1.72846 -1.5401 -1.44911 -1.58728 -1.72266 -1.70695 -1.66818 -1.3844
1 -0.769611 -1.6062 -0.193093 -1.82389 -0.502219 -1.75029 -0.47372 -1.67481
1 -0.842359 -1.78923 -0.769611 -1.6062 -0.502219 -1.75029 -1.06295 -1.52741
0 -0.207462 -1.37332 -0.208545 -1.36314 -0.245824 -1.38205 -0.168122 -1.37379
1 -0.224309 -1.4429 -0.207462 -1.37332 -0.177343 -1.39863 -0.245824 -1.38205
1 -0.0698659 -1.81789 -0.0432986 -1.51577 0.133257 -1.53853 -0.221115 -1.50736
1 -0.224309 -1.4429 -0.0432986 -1.51577 -0.221115 -1.50736 -0.177343 -1.39863
1 -1.77641 -1.5509 -1.72846 -1.5401 -1.72266 -1.70695 -1.7948 -1.38689
1 0.591356 -1.70049 0.504805 -1.58366 0.404051 -1.70168 0.647049 -1.52165
1 0.278289 -1.60411 0.504805 -1.58366 0.404051 -1.70168 0.384546 -1.4856
0 0.533286 -2.11994 0.959797 -2.06896 0.50166 -2.50193 0.412514 -1.75617
0 0.959797 -2.06896 0.591356 -1.70049 0.412514 -1.75617 0.647049 -1.52165
1 0.237543 -1.67174 0.278289 -1.60411 0.404051 -1.70168 0.133257 -1.53853
0 -0.847651 -1.86245 -0.842359 -1.78923 -0.502219 -1.75029 -1.17337 -1.70179
1 -0.0698661 -1.81789 0.237543 -1.67174 0.27502 -1.83672 0.133257 -1.53853
0 -0.125657 -1.90193 -0.0698661 -1.81789 0.27502 -1.83672 -0.221115 -1.50736
0 -0.136184 -1.9966 -0.125657 -1.90193 0.27502 -1.83672 -0.502219 -1.75029
0 -0.125657 -1.90193 -0.193093 -1.82389 -0.502219 -1.75029 -0.221115 -1.50736
1 -0.847651 -1.86245 -0.136184 -1.9966 -0.566785 -2.09271 -0.502219 -1.75029
1 -1.43791 -2.77834 -0.847651 -1.86245 -0.566785 -2.09271 -1.17337 -1.70179
0 0.237543 -1.67174 0.312893 -1.74374 0.27502 -1.83672 0.404051 -1.70168
1 0.312893 -1.74374 0.591356 -1.70049 0.412514 -1.75617 0.404051 -1.70168
0 -0.0393479 -2.31504 -0.136184 -1.9966 -0.566785 -2.09271 0.27502 -1.83672
1 0.533286 -2.11994 0.312893 -1.74374 0.27502 -1.83672 0.412514 -1.75617
1 -0.0393481 -2.31504 0.533286 -2.11994 0.50166 -2.50193 0.27502 -1.83672
