71.3036014232785 -99.7346523217857
-54.0418181102723 -92.1981511637568
80.1115645561367 39.6089039742947
-62.4358939006925 -20.6055413000286
14.184715365991 25.5795665085316
98.2769629918039 -58.7839864660054
-70.2670122496784 -29.5249312184751
-3.96638349629939 60.1382396649569
-17.1835899353027 -51.6032599844038
-79.193810839206 23.8820638507605
43.7151918653399 5.37166558206081
-66.0872591659427 45.3620949760079
-18.5035524424165 -90.0029801297933
-62.217121431604 17.7411813288927
32.3632761836052 78.0511713586748
73.5807245597243 83.7097434327006
-87.299884064123 14.4710585009307
-83.9696631766856 -74.0751700010151
-69.0680638421327 -42.1521391253918
-56.9213228765875 -18.7558805570006
-79.4046267401427 -87.9966518376023
-40.1853184681386 -10.5969973374158
-18.9680991694331 44.4174475036561
13.2977908477187 -42.9727388080209
97.4695757497102 -42.283896682784
-78.7815417628735 12.0270875748247
-81.8897971883416 -22.6159504149109
75.9240527171642 -15.4524872545153
51.679001422599 -40.2946252375841
13.4531976655126 -2.51780590042472
42.0433139894158 58.0587138421834
27.6653139386326 -59.4847281929106
96.7338833492249 -92.5067695789039
4.8421430401504 54.6276029199362
5.72976511903107 -30.7882079388946
-53.3815290313214 -7.01946690678596
22.3815668839961 58.750340109691
-22.8806264698505 -82.6965250074863
-63.8489457778633 -26.8822421319783
23.0459704529494 -72.2993155010045
38.7767226900905 91.4132482837886
-70.1049187686294 65.1270573958755
-66.3903102278709 59.2863555531949
-54.1572751011699 -35.5277664959431
-11.9891836773604 -93.4255273547024
-74.5864890515804 -44.7239852044731
-73.4678919427097 -73.1651816051453
-12.6930322032422 44.9415815994143
75.1745096407831 80.9467239305377
-91.9891920406371 -93.1907113175839
25.3108971286565 -94.0592361614108
-44.9440455064178 20.262464787811
4.17995564639568 83.9228574186563
-58.5515131242573 -61.5990737918764
-86.1853163223714 -35.9298555646092
15.3176415711641 8.44817655161023
67.8187108132988 30.2076290361583
29.894191538915 -72.2192965447903
-87.1678376104683 65.3576510492712
82.0638353005052 -71.7561583500355
-67.1211318578571 -88.4329094085842
54.6426465269178 57.9937116242945
-17.7660992369056 -37.840054417029
65.6087865121663 -12.0087526272982
-15.4222574084997 59.9729787558317
52.7281444054097 -29.3788334354758
-9.64367780834436 14.2474696040154
80.1128778606653 7.74214598350227
12.142063351348 -87.3191711027175
-70.2754770871252 -95.425515435636
23.4877149574459 15.6870821956545
-12.9355926066637 -2.03437586314976
66.9924397952855 64.2052692361176
54.3398919515312 82.8359374776483
-10.4254308156669 -49.7556531336159
86.8960023391992 77.5824367534369
39.2312401439995 60.970848845318
69.6752153337002 -38.2704098243266
89.2741539515555 20.7532371859998
30.3382882848382 -56.800728617236
50.6271159276366 -54.1046468541026
33.1709385383874 7.64228734187782
-96.1254853289574 -2.00259294360876
-99.9992999248207 -33.6726602166891
-31.6001357510686 6.38289419002831
-19.6091616526246 -39.4071402028203
19.3912324495614 74.219282483682
8.3281331229955 -91.0019771195948
82.2992712259293 55.0958508159965
-71.8692961614579 -78.4203513991088
-61.7065086960793 55.9073742479086
-42.1092937234789 -62.3620336875319
1.55673143453896 11.7764291353524
-52.6467467658222 -24.1041572764516
88.8623557984829 -24.5145258959383
-87.0580465998501 -55.6669303681701
64.4698833115399 34.9024446681142
-74.8315411619842 77.7429266832769
-38.946301676333 98.7652497366071
-40.6542617827654 -49.236689787358
-37.8747195005417 -23.274227976799
46.2706281337887 43.0886397603899
99.8720487114042 42.4394031055272
-60.9080040827394 52.1950489841402
-82.7682390809059 46.4361554943025
-20.9072546102107 -34.9966316483915
-85.5240621604025 -41.0816183779389
2.92657618410885 -13.1483018863946
-60.3136528749019 -29.0373558178544
25.8734682574868 68.4008310548961
80.4774455260485 13.561473088339
16.0770649090409 -18.8157144468278
21.2868095375597 72.5777329411358
-55.5121667683125 -72.0369315706193
6.14974978379905 93.839296232909
64.7214881144464 69.3106940481812
92.1528504695743 -11.7440004367381
0.44372514821589 93.7292383052409
37.9946338012815 -30.9646086767316
-47.6535560563207 20.2326299622655
-15.2570228092372 -51.1205762159079
47.0957105979323 46.5238767676055
-29.3994056992233 25.410234881565
-46.8056553974748 -90.3256197925657
-35.4319090954959 -39.8815109860152
83.2708134781569 -46.97120427154
-60.6992080342025 -16.0449627321213
-50.0170008745044 95.1820774469525
39.0838001389056 -97.1949747763574
37.1619089040905 97.6396848913282
-49.5740170124918 -61.9887689594179
79.9677277449518 -65.3597034048289
-86.7237792350352 95.0585418380797
79.8640867229551 -65.6674575526267
8.73720645904541 39.6414600778371
70.8121443167329 79.865598352626
-13.6439714115113 -20.0972268357873
-7.07443300634623 24.3040748406202
-34.0933385770768 -32.7705251518637
-60.4542600922287 -97.5447489880025
-7.10934149101377 -14.7958789020777
10.4591849725693 -38.6281597428024
3.40223661623895 -1.90282007679343
-25.0538542401046 23.7784205935895
-70.6788242794573 23.052025726065
-17.269361205399 -46.6735736932606
54.8281775321811 0.691508036106825
-62.8791783936322 88.2041438482702
-36.2280352506787 -82.3265695013106
76.1485937051475 -50.2573742065579
-58.5655082017183 5.53031880408525
-90.0985090527683 53.7781126797199
-46.9411403872073 -36.9211256504059
-59.6102153416723 24.351172754541
44.1916401963681 -9.32368226349354
89.0513131394982 -38.5650876443833
51.1004993226379 -12.7849590964615
33.5936927236617 3.97021137177944
46.3971931487322 -53.2159730326384
-84.3568183947355 -64.2410462256521
58.7881579995155 -92.3944665119052
-40.4330858495086 -90.7133973669261
39.5112181082368 79.8704519867897
45.8166161552072 -29.1797659359872
39.4988225307316 34.3175320420414
-93.3095249347389 -3.61144621856511
98.2406412251294 78.1472967471927
70.6220538821071 -83.0194164998829
58.2824351731688 -87.5867450609803
-84.7148979082704 83.4744540974498
44.5515286643058 -27.7581903152168
-42.0871443580836 -82.8660259023309
-74.3907225318253 -33.9854277204722
47.7090854663402 -83.3411653526127
28.4942495170981 -60.0910392589867
38.3424886036664 -0.471561867743731
-29.2978731915355 3.99881908670068
-91.5807065553963 8.35104286670685
40.149809839204 -31.1593426857144
-7.23191169090569 -20.5220927018672
88.0232212133706 -49.1643260698766
-22.1088193822652 49.2521839216352
-96.4061699807644 -19.2720061633736
64.6812221035361 -67.708358168602
-33.3875802345574 -10.7294554356486
93.0441781878471 -93.8625392969698
52.6290628593415 66.2723599001765
-93.5222497675568 19.072892377153
-64.9115704465657 -85.4834580793977
-76.6552491113544 79.6469845809042
-89.8510525468737 -47.8424019180238
-64.0552418772131 -92.2655003610998
-2.41657383739948 -26.6029227990657
-26.2433306314051 -40.3283124323934
28.5342370159924 90.8688951749355
-27.4605617392808 -88.7885622680187
-64.139245217666 48.5891667660326
18.5004561208189 99.6900984086096
10.4247609619051 98.1301729567349
74.8423497192562 -91.3834562990814
