91.6309346444905 -99.6122500859201
-79.3695122934878 79.7296909149736
78.4809059463441 -46.264583338052
-81.0771567746997 94.0175284165889
-62.0110516436398 -93.0646125227213
-71.2108251173049 -36.2145867664367
76.5120790340006 -79.7215702943504
98.440211173147 -64.341144869104
11.1831049434841 -89.6981583442539
28.4262382891029 87.0714223477989
-73.6127177253366 82.2491887491196
-66.6962764691561 -90.3394319582731
-75.0845464877784 49.0739459171891
-55.9930993709713 70.4875116702169
20.2600958757102 -90.0824701879174
-54.4394500553608 88.1354931276292
-31.4157532062382 96.5285100974143
32.5698894448578 -64.4837008789182
-51.6511915251613 -70.500097470358
36.9621558114886 -77.679057046771
75.4213192034513 70.978220179677
-85.8622006140649 22.7509891148657
-80.6779527105391 -87.1297423262149
42.4158283043653 -97.5056659430265
93.8542983029038 78.7059813272208
-95.7419170532376 16.9198429677635
34.2594265472144 -74.5868137571961
-1.40539240092039 87.8812136128545
80.40044400841 90.7005596440285
-1.63183431141078 78.1620909459889
56.258696038276 97.0103348139673
55.4321323055774 -87.8754967823625
-74.3629807606339 64.7207404021174
13.8804918620735 -83.5078044328839
-74.8643767554313 39.2160297837108
-75.742295011878 89.603539602831
74.0831878501922 97.8773291688412
-75.0024635810405 82.1778551675379
98.8776825834066 -79.4213027693331
83.7590634822845 48.9916356280446
-49.1706437896937 -52.6354314759374
-91.7688969522715 96.8074617441744
72.179599897936 46.8842051923275
-63.5116428602487 -74.4373938534409
4.69575333409011 -94.7468779981136
81.0836996883154 -61.8549139704555
74.1319790948182 62.3139335308224
-47.4490287713706 -98.2618558220565
24.6606069616973 62.0552923064679
12.9305107519031 56.0162283480167
-84.2404103837907 46.9353927765042
98.5850116703659 -81.831734161824
62.5431223772466 33.534460188821
-65.0398813653737 83.5548312403262
-88.3020403329283 98.4959819354117
-88.5923145804554 39.1425153240561
85.2496477309614 4.64895162731409
-19.3894148338586 -95.2840113081038
-87.3135671485215 10.1030701305717
-75.6527979392558 71.8691918998957
-45.3996414318681 -22.1161111723632
-99.6692137792706 69.5796061772853
-77.9180619865656 38.9245863072574
-92.4797306302935 -62.6525536645204
24.0543594583869 86.2637634854764
26.7104851547629 88.0276919342577
45.0683958828449 83.4408764727414
-78.8829738739878 35.3908488061279
-85.8554990496486 -35.8098408672959
4.63356794789433 68.2022202759981
-48.3211018610746 -96.3807905558497
18.1435024831444 93.0288065690547
-97.9426148347557 -14.2811702564359
60.3726346511394 -67.7986373193562
-13.9430373907089 86.4464326761663
-70.5171875655651 -38.8383373152465
60.1985541637987 -99.2851307149976
-98.064885661006 -25.5495561752468
-80.4780210368335 6.91368994303048
93.4171300847083 -19.8122687172145
27.8051733970642 -67.9122794419527
-59.6870688721538 87.5708485022187
15.226294985041 54.4417063239962
-65.2559084817767 16.7036220896989
89.0016394201666 0.207335129380226
-51.756678475067 88.7752546928823
99.5795116759837 -31.2281558290124
-64.5587085280567 69.3314597941935
61.5998402237892 -40.1263060979545
27.1771972067654 93.6547979246825
-91.3744649384171 -56.9186029024422
-32.1419023908675 -64.3049928359687
-97.2630583681166 -69.2211406771094
92.8584279958159 90.7866317313164
2.36870460212231 81.5398980863392
5.593814374879 83.7095365859568
-97.2249835729599 -60.6617004144937
77.8599936515093 6.71058818697929
-74.4576742872596 -86.3510796334594
96.4134289417416 -59.9889699369669
