55.3722363431007 -57.2734709363431
89.989374158904 -53.5043821204454
58.865146804601 19.2882333416492
-80.976873356849 -31.353073567152
-16.8890730012208 -70.6069338601083
-98.941893177107 70.0048264116049
82.8765847720206 22.0781339332461
-35.1936364546418 90.8151481300592
-28.5164183937013 39.3541902769357
-47.6488147396594 -67.4488024320453
-68.8423588871956 -89.965036092326
54.5304599218071 58.9918467681855
-77.816687617451 -37.630126113072
77.7597574517131 57.9176294151694
53.0922146979719 -23.6318995710462
-54.7364734113216 92.9405852686614
71.3427607435733 -27.0799353253096
-68.324544467032 90.4182713478804
-97.9422037489712 -52.8017959557474
-36.5258132573217 11.7453803308308
-60.1864874362946 24.2889162618667
57.5180362910032 36.3093509338796
-64.2162472940981 56.0906820464879
95.1974732801318 -37.7004962414503
-76.9579748623073 64.5729190669954
-15.4562576208264 96.0922942496836
98.6327628139406 72.9117885231972
82.134873047471 -97.2859139554203
-33.4998011123389 -32.6185948681086
-32.9833822790533 -34.7549638245255
-47.3680962342769 81.7581765819341
44.5329503156245 76.4812663197517
96.8177945818752 -48.7376735545695
55.1618721801788 -36.5816943813115
-77.7036802843213 -22.473568469286
95.6414034124464 80.7776960078627
67.0999994501472 -26.1472320184112
98.5754199326038 85.8655269723386
-77.7331967372447 5.66643471829593
-49.2166251409799 55.3357047960162
-46.2496143765748 27.2852297406644
49.047915218398 -60.4620619211346
-88.0256647244096 -74.2870917078108
-38.7445663101971 1.46502330899239
-77.7800083626062 65.1535445824265
86.7228312417865 89.4338056445122
57.7417917083949 -77.6733660604805
-81.7196796648204 -93.7059550080448
-79.1647792328149 10.7435074169189
-8.52097035385668 97.4906305782497
53.0510518699884 0.0970158725976944
88.0095625761896 -97.3695588298142
-94.9514247011393 -97.0756509806961
-31.9454423617572 55.7996198534966
-96.7896038200706 92.7819475531578
63.5213437024504 78.5468142013997
5.41096245869994 77.9867600183934
-24.0448002703488 47.788442671299
77.7784617617726 24.2949606850743
-62.3580223880708 -52.2114600520581
44.3254352547228 -96.1754262447357
-78.6478645633906 -22.1285273320973
-74.9749984126538 96.3392404373735
47.2631083335727 -78.982131043449
89.9814649485052 45.5957295838743
-45.1816975604743 92.7492002956569
-58.3458782639354 -4.00827918201685
46.4762844610959 -49.2464863695204
-20.6374007277191 -8.42899833805859
-44.9292924720794 29.8458928707987
-76.5501316636801 84.4940981827676
68.3858665172011 49.3365871720016
-13.5933631099761 -64.1020971350372
-17.6186230499297 -46.8663019593805
-88.103494560346 2.24020332098007
-77.2997173015028 51.7178874462843
27.3318140767515 -92.8660769015551
95.1060907915235 85.1693378295749
-2.21755639649928 -97.9540277272463
70.5994956195354 -94.1870019305497
-81.8546866066754 -47.8121393360198
86.1499416641891 -53.4002152271569
97.8683283552527 44.6054775733501
57.697070389986 -69.5033380296081
-89.4653909374028 88.0449439864606
-34.9164615385234 69.8512183036655
-94.5371726993471 -76.7614101059735
-63.5649805888534 18.9549545757473
18.4290789999068 94.6248784195632
-60.7860607095063 -83.115792972967
99.6667444240302 -98.8290173001587
-44.5876374375075 -74.7210905421525
-91.2580496165901 -63.9409351162612
84.4442477449775 -0.548959523439407
43.0282328743488 -58.8541383389384
-82.6452103443444 56.6076221875846
15.8479000907391 -39.0622647479177
59.9349935073406 -57.7417484950274
-60.8045676257461 92.4506024457514
81.5566155593842 -41.7054663877934
89.6354559808969 8.46171542070806
96.091372705996 -61.4395267795771
23.5676185693592 -85.4157673195004
76.8309880048037 66.7467248160392
86.776332044974 -72.9083710815758
-80.1557535305619 19.2453329917043
-44.5241773501039 16.5832621511072
17.9223180748522 81.6091546788812
45.0814994052052 -89.4694131333381
68.2910213246942 -94.3137426860631
1.18268560618162 82.0141014643013
-93.8523457851261 -61.4609912969172
-49.9902159906924 -86.1628578975797
42.7055624779314 57.1234148927033
57.9343663528562 -48.6630151513964
-36.5561351180077 41.5175841655582
22.2974274773151 -90.2847529854625
-86.2807095050812 -81.7096842918545
52.7945624664426 39.4944422412664
43.8567616045475 -83.8526823557913
-95.9388609509915 9.58217931911349
94.8416131548584 -45.9010920953006
44.1607396118343 19.7723041754216
93.4596468694508 -55.5844179820269
-56.501193344593 -68.3970783371478
30.4139112122357 78.0428815633059
-17.86203160882 -65.8234914764762
-34.5841485075653 72.6293210871518
52.9789347201586 10.6372422538698
-46.7301637399942 -57.2922797873616
-69.3033949937671 -89.5269514992833
-84.8116790410131 -70.4698559362441
20.2461670618504 83.5335175041109
-22.749864961952 93.1314380373806
-30.8089626021683 88.5071385651827
-48.35319314152 -18.8828455749899
81.3835416454822 98.2402408029884
85.4370436631143 -55.4002550430596
-79.0874082129449 87.3960506170988
-63.0348321516067 -93.052422767505
9.66367018409073 -19.7548543568701
-67.5235028844327 57.4508973397315
-54.6301254536957 -78.401766018942
-20.0447482056916 -55.8235302101821
81.9023998454213 2.34867753461003
-2.84199463203549 86.5014905575663
-51.1329701170325 98.4815633390099
-45.2629934530705 -60.1706004235893
73.6859438475221 93.0093786679208
41.4673671592027 -99.6178810950369
62.2462383005768 64.4132149405777
-95.5627573188394 56.2584779690951
31.2146041542292 41.2364288233221
3.49945477209985 -76.9197458401322
73.9045180846006 14.5143975969404
37.9396599717438 79.9751178827137
89.2616100609303 63.2124816533178
-24.3787622079253 -60.9949596691877
-61.3355455454439 84.162231348455
86.3210448529571 71.6049251146615
-84.5861282665282 -77.2411568555981
90.1127865538001 -63.1698774639517
-6.81930449791253 -96.6844801325351
-72.0367514528334 67.1482410747558
-64.6721872966737 -65.509295463562
-94.2514529451728 -98.5554892104119
-85.1300231646746 -93.4288858436048
84.4142941758037 68.4399394784123
66.5845836512744 -22.0928893424571
35.7780337333679 -76.41077991575
50.9989408310503 90.7552716322243
-22.3165611270815 -84.81967728585
30.1603286527097 7.50626567751169
-73.0524969752878 -83.5554938297719
84.6527564805001 -65.3449208475649
-95.865916647017 80.4085042793304
-88.8691292144358 31.5793173387647
-66.2439755629748 59.7045069094747
80.7165890000761 -51.6888344660401
29.1502373758703 44.2909889854491
-82.7891848050058 75.8725050836802
59.2554819770157 -20.0775051023811
-35.5486281216145 2.36538299359381
81.413249950856 92.9862069431692
-50.1425391063094 -94.3571544252336
42.657289467752 36.0981115140021
-36.7140889167786 -97.3813113290817
16.6161077097058 -84.4827928114682
73.6502513289452 40.3099912684411
89.4598646089435 21.4591453783214
67.9203637875617 -87.4888246878982
-43.9006018918008 -89.4248516764492
82.2342674713582 90.6442317180336
-86.8849793914706 -6.00084313191473
98.147904034704 79.9736498389393
-97.8615443687886 88.4518934879452
26.2468815315515 98.5567300580442
82.9360393807292 57.5926815159619
-59.2016824055463 -41.3244401104748
-78.8969099055976 -88.7169873807579
