-48.3386380597949 32.2430761530995
14.7046241909266 44.2016686778516
70.2943490818143 -10.0161135662347
18.3717581443489 -94.971319520846
62.6393468584865 -23.1397029943764
73.30028465949 80.1898860838264
90.4630482196808 -71.7231655027717
-59.4826799351722 83.5477734450251
5.95853077247739 6.20155581273139
-34.9407598841935 -91.5452716406435
56.7402247805148 66.0661227069795
15.616327803582 48.2386171352118
64.463641308248 -33.2890753168613
-13.3257379755378 -15.1494002435356
-90.9206562675536 -84.5237974543124
-11.5737781394273 43.7466679140925
67.8610123228282 -33.2578040193766
-2.74360147304833 85.2565831970423
27.5403746869415 17.0195556245744
-58.1396066583693 56.2515148427337
18.1052969768643 -58.5530367214233
-17.0611925423145 -35.0319040473551
78.7141924723983 -85.203745495528
-59.4078655354679 81.8216598592699
47.8509617969394 16.5959156118333
69.3147773854434 58.7987950071692
-62.246308196336 19.9348642025143
-26.1558304075152 -50.5479895509779
-3.69138964451849 27.2112627979368
-57.2606468107551 44.5920316036791
22.7451779413968 32.9582043923438
-4.95778480544686 -94.967369036749
-59.1741965152323 21.0832880344242
74.5199776254594 87.0783085003495
-18.5528399888426 -58.6787037551403
-25.7186021655798 90.0723843369633
-98.3883840031922 69.8044363874942
-55.3928687237203 51.4877984300256
88.5484307538718 32.2712909895927
77.5710127316415 -85.0652605760843
-42.5444195978343 12.2274179477245
35.2962346281856 -59.8244986962527
23.9835782907903 -59.1653673443943
7.74550149217248 82.8407758846879
-54.4149677269161 12.8093872684985
-56.5077393315732 -48.4352465718985
-26.0819096583873 -35.8443218283355
57.0893310010433 52.5448460597545
-16.615172708407 21.56440038234
-5.9516747482121 50.6604257971048
-10.4962551500648 1.4569565653801
-74.3821701034904 46.9572721514851
-73.1871459167451 -66.2768932059407
15.6207913067192 -42.4357784446329
60.8282709028572 -53.4380772151053
55.2159172017127 71.9476297497749
-73.1608958449215 -11.846077023074
66.7885072994977 42.9035833571106
-94.454402057454 59.7768293693662
9.53063238412142 -52.4417136330158
-20.8799290470779 44.3102500867099
37.6112997997552 78.716744761914
-49.7068607714027 -80.7581003755331
95.1215782668442 -36.726739956066
57.8282837290317 -39.6626168861985
-85.7804636470973 90.8763437066227
57.0028270594776 71.2046983651817
79.4680218212306 40.1415369007736
-9.11993570625782 96.9861106947064
-17.9998531006277 -19.0016312524676
-25.8383830543607 37.3583518899977
77.8269167523831 -79.8260005190969
-2.04410571604967 -65.0733239483088
-32.6466905418783 -71.5860770083964
-4.33677150867879 -76.0534938890487
-52.2928514517844 6.82862685061991
-60.5114932637662 34.652648633346
27.7287638746202 82.8115152195096
-87.8784780856222 8.80555198527873
-32.9325539059937 35.1142875384539
64.6497213747352 -33.2494134549052
-65.754576632753 -83.3392474800348
7.2920739185065 -19.4214774761349
-25.0713688321412 71.7547048814595
74.9948476441205 -68.022317904979
-5.47195691615343 66.6873380541801
12.6751976087689 59.628735575825
-1.77022041752934 -28.8892908021808
-82.5566373765469 -44.1025580279529
74.0836842451245 20.7944907713681
-36.5495362784714 28.3960942178965
-79.2286409065127 58.046881807968
-84.0500865131617 46.8237775377929
76.9530529621989 25.4933340940624
17.860364401713 -47.5481138564646
28.7029697559774 52.1643887273967
-94.0436507575214 -92.3933557234704
-99.281656416133 -0.267270533367991
-1.04511240497231 99.3091216310859
-30.2603933960199 -11.1575522460043
