-90 -90
-80 -90
-70 -90
-60 -90
-50 -90
-40 -90
-30 -90
-20 -90
-10 -90
0 -90
10 -90
20 -90
30 -90
40 -90
50 -90
60 -90
70 -90
80 -90
90 -90
-95 -80
-85 -80
-75 -80
-65 -80
-55 -80
-45 -80
-35 -80
-25 -80
-15 -80
-5 -80
5 -80
15 -80
25 -80
35 -80
45 -80
55 -80
65 -80
75 -80
85 -80
95 -80
-90 -70
-80 -70
-70 -70
-60 -70
-50 -70
-40 -70
-30 -70
-20 -70
-10 -70
0 -70
10 -70
20 -70
30 -70
40 -70
50 -70
60 -70
70 -70
80 -70
90 -70
-95 -60
-85 -60
-75 -60
-65 -60
-55 -60
-45 -60
-35 -60
-25 -60
-15 -60
-5 -60
5 -60
15 -60
25 -60
35 -60
45 -60
55 -60
65 -60
75 -60
85 -60
95 -60
-90 -50
-80 -50
-70 -50
-60 -50
-50 -50
-40 -50
-30 -50
-20 -50
-10 -50
0 -50
10 -50
20 -50
30 -50
40 -50
50 -50
60 -50
70 -50
80 -50
90 -50
-95 -40
-85 -40
-75 -40
-65 -40
-55 -40
-45 -40
-35 -40
-25 -40
-15 -40
-5 -40
5 -40
15 -40
25 -40
35 -40
45 -40
55 -40
65 -40
75 -40
85 -40
95 -40
-90 -30
-80 -30
-70 -30
-60 -30
-50 -30
-40 -30
-30 -30
-20 -30
-10 -30
0 -30
10 -30
20 -30
30 -30
40 -30
50 -30
60 -30
70 -30
80 -30
90 -30
-95 -20
-85 -20
-75 -20
-65 -20
-55 -20
-45 -20
-35 -20
-25 -20
-15 -20
-5 -20
5 -20
15 -20
25 -20
35 -20
45 -20
55 -20
65 -20
75 -20
85 -20
95 -20
-90 -10
-80 -10
-70 -10
-60 -10
-50 -10
-40 -10
-30 -10
-20 -10
-10 -10
0 -10
10 -10
20 -10
30 -10
40 -10
50 -10
60 -10
70 -10
80 -10
90 -10
-95 0
-85 0
-75 0
-65 0
-55 0
-45 0
-35 0
-25 0
-15 0
-5 0
5 0
15 0
25 0
35 0
45 0
55 0
65 0
75 0
85 0
95 0
-90 10
-80 10
-70 10
-60 10
-50 10
-40 10
-30 10
-20 10
-10 10
0 10
10 10
20 10
30 10
40 10
50 10
60 10
70 10
80 10
90 10
-95 20
-85 20
-75 20
-65 20
-55 20
-45 20
-35 20
-25 20
-15 20
-5 20
5 20
15 20
25 20
35 20
45 20
55 20
65 20
75 20
85 20
95 20
-90 30
-80 30
-70 30
-60 30
-50 30
-40 30
-30 30
-20 30
-10 30
0 30
10 30
20 30
30 30
40 30
50 30
60 30
70 30
80 30
90 30
-95 40
-85 40
-75 40
-65 40
-55 40
-45 40
-35 40
-25 40
-15 40
-5 40
5 40
15 40
25 40
35 40
45 40
55 40
65 40
75 40
85 40
95 40
-90 50
-80 50
-70 50
-60 50
-50 50
-40 50
-30 50
-20 50
-10 50
0 50
10 50
20 50
30 50
40 50
50 50
60 50
70 50
80 50
90 50
-95 60
-85 60
-75 60
-65 60
-55 60
-45 60
-35 60
-25 60
-15 60
-5 60
5 60
15 60
25 60
35 60
45 60
55 60
65 60
75 60
85 60
95 60
-90 70
-80 70
-70 70
-60 70
-50 70
-40 70
-30 70
-20 70
-10 70
0 70
10 70
20 70
30 70
40 70
50 70
60 70
70 70
80 70
90 70
-95 80
-85 80
-75 80
-65 80
-55 80
-45 80
-35 80
-25 80
-15 80
-5 80
5 80
15 80
25 80
35 80
45 80
55 80
65 80
75 80
85 80
95 80
-90 90
-80 90
-70 90
-60 90
-50 90
-40 90
-30 90
-20 90
-10 90
0 90
10 90
20 90
30 90
40 90
50 90
60 90
70 90
80 90
90 90
