-80 -90.4761904761905
-60 -90.4761904761905
-40 -90.4761904761905
-20 -90.4761904761905
0 -90.4761904761905
20 -90.4761904761905
40 -90.4761904761905
60 -90.4761904761905
80 -90.4761904761905
-90 -80.9523809523809
-70 -80.9523809523809
-50 -80.9523809523809
-30 -80.9523809523809
-10 -80.9523809523809
10 -80.9523809523809
30 -80.9523809523809
50 -80.9523809523809
70 -80.9523809523809
90 -80.9523809523809
-80 -71.4285714285714
-60 -71.4285714285714
-40 -71.4285714285714
-20 -71.4285714285714
0 -71.4285714285714
20 -71.4285714285714
40 -71.4285714285714
60 -71.4285714285714
80 -71.4285714285714
-90 -61.9047619047619
-70 -61.9047619047619
-50 -61.9047619047619
-30 -61.9047619047619
-10 -61.9047619047619
10 -61.9047619047619
30 -61.9047619047619
50 -61.9047619047619
70 -61.9047619047619
90 -61.9047619047619
-80 -52.3809523809524
-60 -52.3809523809524
-40 -52.3809523809524
-20 -52.3809523809524
0 -52.3809523809524
20 -52.3809523809524
40 -52.3809523809524
60 -52.3809523809524
80 -52.3809523809524
-90 -42.8571428571429
-70 -42.8571428571429
-50 -42.8571428571429
-30 -42.8571428571429
-10 -42.8571428571429
10 -42.8571428571429
30 -42.8571428571429
50 -42.8571428571429
70 -42.8571428571429
90 -42.8571428571429
-80 -33.3333333333333
-60 -33.3333333333333
-40 -33.3333333333333
-20 -33.3333333333333
0 -33.3333333333333
20 -33.3333333333333
40 -33.3333333333333
60 -33.3333333333333
80 -33.3333333333333
-90 -23.8095238095238
-70 -23.8095238095238
-50 -23.8095238095238
-30 -23.8095238095238
-10 -23.8095238095238
10 -23.8095238095238
30 -23.8095238095238
50 -23.8095238095238
70 -23.8095238095238
90 -23.8095238095238
-80 -14.2857142857143
-60 -14.2857142857143
-40 -14.2857142857143
-20 -14.2857142857143
0 -14.2857142857143
20 -14.2857142857143
40 -14.2857142857143
60 -14.2857142857143
80 -14.2857142857143
-90 -4.76190476190476
-70 -4.76190476190476
-50 -4.76190476190476
-30 -4.76190476190476
-10 -4.76190476190476
10 -4.76190476190476
30 -4.76190476190476
50 -4.76190476190476
70 -4.76190476190476
90 -4.76190476190476
-80 4.76190476190476
-60 4.76190476190476
-40 4.76190476190476
-20 4.76190476190476
0 4.76190476190476
20 4.76190476190476
40 4.76190476190476
60 4.76190476190476
80 4.76190476190476
-90 14.2857142857143
-70 14.2857142857143
-50 14.2857142857143
-30 14.2857142857143
-10 14.2857142857143
10 14.2857142857143
30 14.2857142857143
50 14.2857142857143
70 14.2857142857143
90 14.2857142857143
-80 23.8095238095238
-60 23.8095238095238
-40 23.8095238095238
-20 23.8095238095238
0 23.8095238095238
20 23.8095238095238
40 23.8095238095238
60 23.8095238095238
80 23.8095238095238
-90 33.3333333333333
-70 33.3333333333333
-50 33.3333333333333
-30 33.3333333333333
-10 33.3333333333333
10 33.3333333333333
30 33.3333333333333
50 33.3333333333333
70 33.3333333333333
90 33.3333333333333
-80 42.8571428571429
-60 42.8571428571429
-40 42.8571428571429
-20 42.8571428571429
0 42.8571428571429
20 42.8571428571429
40 42.8571428571429
60 42.8571428571429
80 42.8571428571429
-90 52.3809523809524
-70 52.3809523809524
-50 52.3809523809524
-30 52.3809523809524
-10 52.3809523809524
10 52.3809523809524
30 52.3809523809524
50 52.3809523809524
70 52.3809523809524
90 52.3809523809524
-80 61.9047619047619
-60 61.9047619047619
-40 61.9047619047619
-20 61.9047619047619
0 61.9047619047619
20 61.9047619047619
40 61.9047619047619
60 61.9047619047619
80 61.9047619047619
-90 71.4285714285714
-70 71.4285714285714
-50 71.4285714285714
-30 71.4285714285714
-10 71.4285714285714
10 71.4285714285714
30 71.4285714285714
50 71.4285714285714
70 71.4285714285714
90 71.4285714285714
-80 80.952380952381
-60 80.952380952381
-40 80.952380952381
-20 80.952380952381
0 80.952380952381
20 80.952380952381
40 80.952380952381
60 80.952380952381
80 80.952380952381
-90 90.4761904761905
-70 90.4761904761905
-50 90.4761904761905
-30 90.4761904761905
-10 90.4761904761905
10 90.4761904761905
30 90.4761904761905
50 90.4761904761905
70 90.4761904761905
90 90.4761904761905
