95.0489928014576 1.95213230326772
15.736569557339 -93.5775303281844
1.08663844875991 -35.9692786354572
-52.9647030401975 4.35742158442736
56.0174194164574 0.60239639133215
10.005014622584 12.0603011921048
1.88312260434031 93.2336217258126
0.311948964372277 51.4970469288528
20.9432124625891 1.32021582685411
38.2295521907508 58.9788834098727
14.9499306920916 35.1729230023921
-61.1518409568816 0.788150168955326
53.0573625583202 0.209189346060157
-95.4432807397097 1.52450036257505
15.3341916855425 0.285989278927445
-55.2434839308262 0.423309626057744
58.9746466372162 7.99622721970081
97.2892828285694 33.4369892254472
28.0225099995732 24.0556395146996
-11.6617125459015 0.806207908317447
68.9425224903971 40.2708035428077
58.7153845001012 15.9874899312854
39.4844001624733 47.9670013766736
47.5042480975389 17.9543627426028
62.2032195329666 3.01660406403244
-42.3710749018937 3.60079151578248
0.314218923449516 17.1914721373469
4.93184765800834 79.0259477682412
30.0940377172083 -33.6118266917765
25.8222479373217 18.269359646365
0.662239687517285 -90.3501874301583
4.80832909233868 82.7528006397188
9.56857963465154 2.74398629553616
-82.0895628537983 1.50655535981059
3.7690557539463 35.1907942444086
2.07779454067349 -57.3876660317183
5.51814390346408 6.55729183927178
-72.67772462219 17.6245535723865
1.216357992962 35.708977188915
0.113510806113482 7.53866527229548
4.15656706318259 0.104896118864417
3.55088198557496 21.9147732947022
-15.4111105948687 4.80634621344507
4.56770011223853 -31.0930303763598
0.495022535324097 14.6758209913969
8.8102113455534 4.73941243253648
20.1673108618706 -62.9062871448696
-50.4092857241631 1.34463799186051
41.3768840488046 4.62522669695318
64.2365983687341 49.0944056306034
70.0817966833711 79.4054354541004
47.7988805621862 45.6026705913246
0.112634757533669 -89.5449072122574
1.01695316843688 -45.5477902200073
2.2046728990972 51.0177492629737
10.2022764738649 1.47281331010163
0.514560099691153 -15.3121879324317
0.0217805150896311 -34.8709682933986
4.96219550259411 98.576684622094
3.4490991383791 -53.1579812057316
57.2632004041225 0.125259021297097
10.8720927033573 -85.3366180788726
4.06609447672963 68.9174164552242
44.0422023180872 1.99081068858504
1.15124294534326 83.6045779287815
1.10210590064526 -56.4779460430145
14.6031875628978 6.16305274888873
87.2013928834349 1.88783057965338
21.4784579817206 12.7726846374571
92.6833233330399 2.75374427437782
1.26314428634942 -48.7600553315133
-21.8465033918619 0.850733881816268
-58.8482353370637 45.0575912836939
-16.8857184238732 2.27360860444605
98.0040497612208 2.99369352869689
75.7791345473379 47.9474420193583
25.3267189487815 14.0513298567384
69.2979499232024 52.2945361677557
51.8872140906751 1.88069022260606
-3.59105542302132 0.471210479736328
7.25308903492987 75.3529387526214
0.0480395276099443 -90.4408821836114
8.04244708269835 -61.812301678583
0.638551078736782 -40.837541827932
73.3873520512134 59.5624343026429
29.6650750096887 27.5253620464355
69.3289070390165 83.1323525868356
93.6129254288971 0.276882573962212
0.394504005089402 -96.0146105382591
9.30487676523626 -67.6284948829561
60.3642357047647 2.54701473750174
47.7304313797504 5.3954086266458
4.4985378626734 -10.006105992943
93.0076214950532 0.233882991597056
3.59098161570728 89.9144028313458
9.37691871076822 2.9710971750319
0.64915269613266 68.9120058435947
30.7232124730945 1.94534906186163
0.932490499690175 -59.1839437372983
96.9990643672645 3.22063998319209
-38.2408981677145 0.0534495804458857
41.4617277681828 34.8406727425754
24.4821697007865 56.7995313555002
56.3606115523726 70.7942456472665
-57.8722528647631 2.89604649879038
0.502575933933258 84.4947579316795
10.2401360869408 40.5820620711893
23.3071505092084 31.8568224553019
-16.3957599550486 0.724064419046044
-34.5417482312769 2.37419246695936
34.0818950440735 5.22392317652702
19.7084695100784 0.806412752717733
15.938221802935 89.6258518565446
71.6663793195039 4.52278503216803
-43.6340535059571 6.21800515800714
0.0916509889066219 15.6948333606124
11.5032524336129 -83.4855265449733
85.0155148655176 32.9394921194762
-17.744097718969 2.69304313696921
55.8854173868895 0.45708017423749
70.5955562647432 2.72388882003725
15.0728260632604 0.0324354507029057
-32.6860120519996 13.2029357831925
0.730743259191513 -47.5835677236319
-93.9539062790573 16.8286910280585
6.93624005652964 72.1150678582489
-63.1072607357055 9.77394906803966
51.8873997498304 49.6631620917469
55.8237132616341 5.32459197565913
54.223424103111 20.6951621454209
-78.0346386600286 3.99188473820686
0.241855625063181 79.3484775815159
0.576546555384994 38.6519212741405
30.8172323741019 0.748758111149073
-21.9252448529005 3.01855034194887
31.9176349788904 32.6370037160814
63.4309019893408 6.58995127305388
1.27475475892425 -82.2444763034582
-20.418790075928 0.714302156120539
-11.6149751469493 0.161393824964762
35.2641378063709 9.13445767946541
22.6037082727998 0.240291794762015
-76.9562638830394 5.67808370105922
2.07251040264964 30.4167062509805
-32.4190408457071 4.79405727237463
-69.8222517967224 1.38392969965935
3.18197477608919 20.4043555539101
32.5468433555216 0.383800128474832
-84.00734574534 0.407807854935527
25.313875079155 99.3924705311656
73.9116696175188 5.05325421690941
-75.3090362995863 7.08935922011733
-88.6680506169796 15.5019842088223
-60.9746037051082 4.4852361548692
47.7403818629682 16.7920045088977
0.0640909653156996 -54.3122451752424
37.5196389853954 0.40262583643198
0.0320806168019772 -46.6330257710069
36.9507239200175 0.415122229605913
36.0372477211058 24.9307557940483
53.8277950603515 1.76319275051355
-83.9314990676939 17.0389553066343
-99.8762305360287 5.94375072978437
24.146389355883 3.60346888191998
17.6487520802766 39.6851705387235
9.68360961414874 -89.940941054374
-5.53541532717645 0.280523998662829
70.4794998746365 59.6865033265203
16.5572005324066 75.1619353890419
7.88684384897351 -34.4099602196366
0.200890051200986 69.3439618684351
-5.9000990819186 2.54869596101344
93.6585749965161 1.57686318270862
0.1746766269207 2.61093406006694
-64.5416314713657 1.32810682989657
-60.4220702778548 11.3978553097695
61.2585011869669 0.318102957680821
2.1363636944443 -42.1999596524984
15.5704490840435 76.1486410163343
27.318382775411 18.1328198406845
5.50036360509694 0.858037546277046
7.34414258040488 17.5797835923731
61.7699658498168 0.37120315246284
-76.579076051712 0.509500922635198
76.4029089361429 4.52598226256669
19.9265401344746 0.443757185712457
-91.8340174946934 14.0146961901337
6.50469749234617 -24.9946129508317
46.9182423781604 7.4262366630137
3.56286875903606 6.25849780626595
4.97618620283902 27.0064471289515
1.81972817517817 55.4592314641923
66.3494329899549 0.311578344553709
-84.5252093859017 5.27217304334044
-63.7627933174372 1.86086222529411
1.45462309010327 73.874708591029
0.0813917722553015 -99.0033056586981
50.0603641849011 7.79452994465828
74.3626296985894 0.346477422863245
9.87238911911845 8.69199275039136
