-90 -60
-80 -60
-70 -60
-60 -60
-50 -60
-40 -60
-30 -60
-20 -60
-10 -60
0 -60
10 -60
20 -60
30 -60
40 -60
50 -60
60 -60
70 -60
80 -60
90 -60
-95 -20
-85 -20
-75 -20
-65 -20
-55 -20
-45 -20
-35 -20
-25 -20
-15 -20
-5 -20
5 -20
15 -20
25 -20
35 -20
45 -20
55 -20
65 -20
75 -20
85 -20
95 -20
-90 20
-80 20
-70 20
-60 20
-50 20
-40 20
-30 20
-20 20
-10 20
0 20
10 20
20 20
30 20
40 20
50 20
60 20
70 20
80 20
90 20
-95 60
-85 60
-75 60
-65 60
-55 60
-45 60
-35 60
-25 60
-15 60
-5 60
5 60
15 60
25 60
35 60
45 60
55 60
65 60
75 60
85 60
95 60
