-82.0004732813686 79.3211500626057
-13.5948662646115 43.5859130695462
-78.7101820111275 -24.5839983224869
-56.8743631010875 96.2573923636228
-46.4561124099419 70.1904179062694
-33.4095457103103 60.2820422034711
-8.57349575962871 28.4864512272179
-85.3919197106734 -71.0174994543195
-76.533518335782 36.0861463937908
-65.750787826255 -65.4301540926099
22.7698870701715 -39.5272654481232
3.6763226846233 -22.7421750780195
5.40313827805221 84.8221038468182
16.7092990130186 85.7305132783949
36.4791952539235 17.0571122318506
46.2832751683891 -30.8255658950657
81.7501836689189 22.6642105728388
92.9393014637753 -84.7372823394835
32.4209206271917 -90.3065292164683
52.5210908148438 -14.7132259327918
46.3542963610962 79.5693661551923
23.1664090882987 80.5132386740297
20.3237534500659 -11.4138990174979
45.9708926733583 52.8145319782197
81.3474552007392 95.4902622848749
87.8563327714801 60.0072866305709
85.2198272710666 79.7576091717929
88.9614301966503 0.105421524494886
63.0389605648816 -29.1285797022283
35.7416773680598 -36.9403050281107
9.74904191680253 -20.7557753194124
30.8082671370357 -59.5858325250447
23.9749727072194 -4.74221333861351
25.206040032208 -61.2542604096234
36.3237713696435 88.8566303998232
98.2247619656846 88.2278208155185
68.0704833008349 68.4792619198561
93.1191210402176 67.3092045355588
76.9104916602373 -31.4099096693099
91.9475101632997 -45.6419307738543
44.2534053931013 67.8150972351432
86.9135924847797 85.0932292640209
2.8776585822925 30.7680802419782
42.8244959563017 59.8291661590338
23.0476914672181 84.5125065650791
67.8349945694208 37.2715620789677
54.7955402173102 -58.2351971417665
3.84387073572725 -23.0234993621707
36.5057907532901 -61.5556760691106
60.9815833624452 93.7370347324759
38.4218038991094 -83.4396945312619
41.9324012240395 55.6769212242216
50.2145906444639 -26.768264034763
18.8162868842483 -0.214818958193064
68.1829333072528 -3.00546982325613
43.9568860223517 -25.8482991717756
49.651806615293 -19.306856347248
53.1537515809759 -67.2737468034029
74.7532979119569 -18.6051544733346
59.0052871033549 -19.6584543213248
62.3532052850351 -21.3023483753204
76.9753040745854 80.0049212761223
87.7197861904278 -80.5190253071487
28.331333398819 -57.5469308998436
57.0253162644804 -93.2676055002958
51.7487082630396 -4.77532702498138
71.1786452680826 -71.4757161680609
36.2908982671797 -44.5293710101396
83.157998486422 33.2804608158767
91.3748274324462 97.0762592274696
99.6829031500965 -42.5473948009312
8.75029836315662 -49.9490412417799
16.7975296266377 -84.403851814568
67.9795378120616 -12.7432994078845
5.71618725080043 53.6970768589526
61.4011520519853 -11.842884728685
24.2217307910323 13.4654395282269
71.8232986517251 0.69673010148108
79.2917115846649 10.614946950227
98.9523692755029 -25.5361878778785
77.1205271128565 0.732177495956421
37.5441932817921 -71.4718676172197
47.5751900114119 89.3817707430571
7.12421480566263 -99.6762791182846
50.0334633979946 97.4817282520235
37.953114323318 28.3589461352676
91.5002894587815 43.3330599218607
37.2415109770373 77.4381087627262
15.5113780172542 88.6364627163857
71.4465397410095 -13.218289334327
93.5714125167578 65.401719044894
80.5826218333095 52.7126686181873
64.178754738532 86.7716611362994
92.5678921164945 25.7989109028131
88.0809777416289 87.8231056034565
20.4084764234722 -46.2946421001107
96.6647326480597 77.3789349012077
29.4004503404722 -40.1137189939618
31.0792256146669 57.2784309275448
76.7932258779183 2.25622844882309
