-1.18168650571096 1.03903131474935
-0.445519290351357 -0.548633574327516
-0.519244425958005 1.10944345359942
1.49473711923169 1.40981064261471
0.612513989445802 1.33284912222747
0.210876000094208 -0.809428999082487
-1.15438450139944 1.63556278202497
0.662900835375125 0.702861886031248
-0.417251242053019 0.712157040996686
-1.22841409989513 0.893654134739788
0.698421840390352 0.76406168538451
1.40350194633469 -0.194512404667613
-0.347042303969653 0.0483993786768419
-1.2234251812277 0.278388268750779
-0.763504805410605 1.9276969280763
-0.994725690883512 2.04274616625283
1.5063873500371 -0.354617670422918
1.19455765827245 -0.47299860219484
-0.107638220801486 -1.51458089155604
0.300738612021929 -0.487753673014252
-0.327478642213925 -0.319282249426214
-0.591251620365824 -1.6740328191292
0.696128217765544 0.250420171988384
-0.186584124861991 1.33936254391448
-0.435260278053202 0.734167841514117
-1.43661969570108 1.82030676347661
-0.925253790735431 0.159011055380335
0.870021748667571 -1.26029083980304
0.822848815591733 2.20430662668675
-0.232120450553418 1.06016025454812
0.0601927781446591 -0.346765473276702
-0.485007004851308 -1.05356367725849
-1.49226060925527 0.584075633906994
0.226756406869503 -1.4451238033663
0.125156393572963 0.18951856438232
-0.822428190971473 0.491495563840379
-0.0731137694524911 0.312442677920751
-1.095422875507 0.100372152609971
1.56917909136224 -1.31767620577622
-0.333554144302081 0.886091200705213
0.907132575489483 -0.601797269282132
-1.73881956735866 1.04198232087622
0.0831916396325783 -0.729769290057758
-0.0464332454112718 0.164282629682191
-1.04307432745284 -0.57010422312052
0.396306189596744 3.07985726777483
0.737605388932961 -1.73803110689858
-0.418909177728261 -0.320474390612634
-0.439225652568344 1.04384170784702
-0.0152126215048636 -0.996223390557021
-0.6390329461328 0.408063781762537
1.81069193104828 -0.389799598063807
1.52433012538867 -0.764187369887767
-1.85957325331212 -0.277269793052693
2.17202082207205 -0.421688640523259
-1.07229814677531 1.05289290136656
-0.835344794449617 -0.947580819522097
-0.351123820434766 1.41518861897712
0.0390958038285562 0.470902887742951
0.130142739281882 0.359234994709061
-0.229939598453088 0.723028620561788
-0.609329652008663 -0.013020570729019
-0.0512464882103359 -0.0812348071606534
-0.162371667299481 -0.649674700250486
-2.38661116734824 1.39634140457663
0.244068898051798 0.583014003621245
0.403037516965355 0.852594845407562
-0.614093052383853 -1.50962119112296
0.561538845300045 -1.24555359726602
-1.03452625538577 -1.82682982590219
-0.223635127225287 -1.89006998814737
-0.803248588712478 -0.0243254579525633
0.709777162642146 -0.0375656540173001
0.213835133733206 1.5067285810666
0.117993971393591 -0.376169833850233
0.0387709831981665 0.701212901329374
0.0407451596259473 -1.08354989842046
0.661470236646899 0.502923640024798
0.760234547350051 1.81833221694837
0.930517258990196 0.387803984066372
0.741448131986625 -0.409559069249857
-1.71212787247194 0.877513216579666
-1.37335778946094 -1.14735892800589
-0.0177075007295902 -0.0907731225416638
-1.38057855951563 -0.544797676516853
0.958730446738096 -0.588464439068691
-0.856132422672992 0.261025379713921
-0.42461158251514 1.18135933334964
-0.116151898352633 0.787640266046055
-1.08075597170551 0.0378443620362274
-0.54468935290152 0.752185311752373
-0.15142100305784 0.0680809247533496
0.881381740162045 0.442509802112822
-0.969730146291565 -3.08000781043315
-1.09357895942062 -0.170165372182624
0.245035680569698 -0.212282717275972
0.0099600897747465 -0.513644156758861
0.636691812420588 -0.24684566984407
-0.594356477647888 -2.06404188383568
0.634076680912828 -1.12342772523271
