-88.1456108298153 1.55056165531278
39.1191214323044 13.2269861642271
0.549598364159465 39.7181328386068
0.138460472226143 -67.1807427890599
-98.9898608066142 12.1163742151111
7.08554103039205 -92.8483592811972
5.56669910438359 35.5780909769237
33.9328401256353 0.299028167501092
0.574367260560393 64.4713413901627
-36.7032473441213 0.232933647930622
-99.3958830833435 1.47359939292073
8.23840037919581 69.6987935807556
0.798893626779318 15.3427725192159
-65.5946382321417 1.13849597983062
2.23403298296034 94.2536481656134
0.998742878437042 -28.2938183750957
75.1448018942028 2.673175977543
-34.066456835717 6.7226683255285
1.86645411886275 -10.9712398611009
-81.6808863077313 33.1449395976961
-96.4274135883898 0.429714797064662
16.4262897334993 -20.8920477889478
0.908553320914507 -8.5061062593013
97.5040915887803 71.5730535797775
33.2114504650235 13.5048778727651
20.4713997896761 4.42414293065667
40.1783976238221 39.3755356315523
0.371783971786499 42.0812468975782
-45.092943450436 0.30556870624423
71.0168806370348 1.39775881543756
77.5489744264632 3.82167021743953
0.0169284641742706 -4.41235541366041
-94.7266740724444 4.77835722267628
0.601976504549384 -36.4011990837753
-71.5346575714648 0.168610038235784
81.1375154647976 26.1855522636324
1.82224265299737 36.1281981691718
6.68683750554919 0.425615394487977
0.49279797822237 42.7769442088902
6.91315238364041 -31.6728650126606
0.387815991416574 -36.203660722822
1.302783889696 97.6256920490414
0.181954260915518 -1.51811186224222
2.7654089499265 54.1713445447385
56.5783274360001 1.07690580189228
46.0906066000462 44.1367600113153
-45.4532903153449 0.884487805888057
78.2659117132425 13.700212771073
14.8171647917479 -95.6580371130258
0.376142375171185 93.3273966424167
0.633648037910461 -45.1367013156414
1.98358874768019 44.3770992103964
88.3391499985009 50.6344580557197
-48.9637674298137 0.000693416222929955
5.33671379089355 73.4116094186902
21.8882428482175 5.4760729894042
5.75839942321181 98.8209246192127
-8.86888178065419 0.18380512483418
-23.7286967691034 0.793571071699262
36.4657592959702 81.5887883771211
61.6921581327915 -88.4503004141152
-93.159160669893 6.62586195394397
79.5116355642676 0.849044974893332
-20.6875008996576 0.551771791651845
0.363566959276795 30.219399696216
2.11973157711327 -59.9417563993484
2.29811198078096 51.2260355055332
68.1898734066635 48.7407388165593
40.2060931082815 26.1230336502194
0.122273759916425 -15.4257614631206
0.083830812945962 -46.2131849955767
-53.5792761016637 0.367541098967195
37.1311049442738 14.4429318606853
12.9539909772575 4.46770065464079
88.4605451952666 1.41658424399793
52.1072011906654 7.03104096464813
6.6377489361912 48.2083399314433
75.2473942469805 2.55959532223642
59.1174742672592 6.10781577415764
0.464878138154745 -48.4003593679518
39.0261914115399 1.50230135768652
-47.5282104220241 1.61407166160643
8.43120343051851 -54.7459368593991
0.0252867117524147 -42.5064349081367
1.84406507760286 53.6016541998833
34.5983725506812 9.3493505846709
38.0313480272889 0.240539293736219
3.61687853001058 94.3773213773966
9.46744317188859 53.7881832104176
17.508747568354 -46.8253878876567
-39.6921489853412 0.112098082900047
65.5540279112756 0.335752451792359
-98.2253659516573 75.1578009687364
98.3912858180702 19.9337608646601
0.287875719368458 -32.0325834210962
-15.043076639995 9.62639884091914
1.58787895925343 87.871937872842
89.3819008953869 36.5158379077911
6.84765796177089 -45.1351515948772
0.478326575830579 64.6098294295371
