-61.5243733394891 -40.1226985268295
-1.72910909168422 37.1887582819909
-48.3238227199763 -42.3637006897479
-72.4474102025852 -98.6261248588562
-84.6522140782326 7.87144959904253
-54.9872304545715 -52.9481017496437
-96.0712445899844 -37.699215952307
-22.2446620464325 27.5889252312481
-98.5830454388633 53.7384212948382
-23.4749130439013 96.8632159754634
48.9791363012046 -76.1812963057309
39.4889096496627 94.6399464271963
83.1568490481004 50.2069159410894
86.6339235799387 -26.0304763447493
81.7815277259797 -30.3722665179521
22.8374487254769 73.807288846001
71.4241801761091 -17.2267613001168
0.811627181246877 74.7386588249356
27.1649156929925 20.7410029601306
68.0168357212096 67.3250688239932
90.6832224689424 4.03747595846653
38.9878971269354 25.7481652311981
59.849991207011 -32.7037708368152
44.66126144398 59.6039819996804
96.9618207309395 43.4235200285912
73.4932064311579 65.4456863179803
38.3397264638916 -71.2787233758718
61.1115928739309 -60.9021073207259
78.4713904839009 -1.89173645339906
36.5144377807155 -91.292996192351
13.6844716733322 -98.9746529608965
13.1284986622632 -58.2146452274173
90.5375244561583 32.8734109643847
10.1394034689292 -62.822148622945
94.3874527001753 85.3641478344798
54.5147087890655 -15.9113635774702
11.2997763324529 96.843548445031
27.5568881770596 43.9500990323722
97.9290126822889 54.012413462624
90.3619626536965 51.9054871518165
0.928028021007776 93.2054721750319
2.53450719173998 -79.2000447399914
12.0217511663213 -16.6613627690822
90.8877083333209 -45.5057358369231
24.7398635372519 7.89269907400012
10.7948663644493 -25.0835470389575
26.536259171553 -51.3474185951054
42.7080678055063 6.52746958658099
13.889380870387 -30.6026932783425
17.193818371743 -7.18742064200342
78.6976736504585 -13.1686571985483
45.0465345056728 -90.1576470118016
94.2287157988176 -17.5773732364178
22.4435350624844 -11.2586729694158
85.2523062610999 55.5736851412803
90.1610849658027 -39.2497900407761
55.3623167797923 78.6956794559956
2.60822074487805 -69.5189060177654
27.041697781533 -94.5273597259074
40.6043490162119 -48.8388777244836
90.2381416410208 10.1781151723117
89.6143958903849 -27.4221120402217
93.8557686517015 -30.0387830007821
29.2425710707903 92.5790110602975
60.8017133548856 -36.1381520982832
12.539972551167 63.5787231847644
46.9863036647439 -74.2595083080232
21.5117938350886 81.7634402774274
67.5145420711488 -76.3986877165735
90.3128951322287 96.5892104431987
23.0656294850633 45.7138844300061
57.3580790311098 8.01655626855791
75.9640565607697 -30.3784116636962
87.1928724693134 24.0328657440841
96.7064351541921 -74.3714457843453
90.3424143092707 -46.4364444371313
17.7963479189202 11.3134866580367
99.4323366088793 57.4461847543716
68.1482836604118 7.47087029740214
89.202052843757 -95.4573720693588
44.9872749391943 -63.9215444680303
47.627879679203 83.4358562715352
44.3859946681187 80.9234040323645
71.7152837198228 77.0372909028083
22.4751718807966 52.3848559707403
83.1223914399743 99.0736156702042
53.9294497575611 -31.6350643057376
70.6089578801766 -27.6673306711018
5.34689808264375 35.9789146576077
39.1168271657079 83.6932511534542
22.9958493029699 47.9883425403386
77.9470670968294 72.2632804885507
92.3871104838327 80.3604646585882
15.5145495198667 71.4201470371336
37.850952334702 43.4845454525203
36.2797665409744 48.5567261930555
47.8618797147647 -95.6834585871547
63.6809355579317 41.5883617475629
1.88620272092521 -37.3448175843805
42.3174414783716 -47.465990530327
70.6258278340101 46.3208789005876
47.84430579748 -98.5094051342458
71.116580767557 -30.4367349017411
90.9685110207647 -9.09325322136283
29.9102672608569 -92.8755219094455
81.962475227192 44.7781634051353
67.7106271963567 -83.0587251111865
36.0824463656172 38.8305387459695
52.2125388495624 -94.1336358897388
51.9990054192021 -31.0643709730357
67.7306243916973 38.0147913005203
16.5378384990618 -47.8781999088824
77.3069608258083 -44.2050226964056
8.59215029049665 59.5168765168637
94.5807415060699 -86.2304182723165
17.4201053800061 -55.0166012719274
4.73505321424454 -68.9078262541443
31.3988426700234 54.0694981347769
2.18166529666632 -25.0793613027781
28.1323846662417 27.9815934132785
83.8439982850105 -68.5894240159541
60.9779369551688 -47.5833008997142
6.02565431036055 -39.4685146864504
99.0971462102607 -24.0429868921638
16.8940435862169 22.9993236716837
44.9247854296118 -81.902446039021
47.7521279128268 91.6459257248789
93.470830284059 41.5368705522269
35.8567976159975 22.8591730352491
15.4177078045905 88.2859003730118
85.6507158372551 88.620387064293
62.147014006041 -76.1708193924278
57.4772762134671 98.052784614265
64.601559122093 34.7089889924973
2.02746991999447 -60.9344743192196
38.4924492565915 -83.7726547382772
88.466167030856 4.99949161894619
20.0416856678203 46.1284240707755
88.895690231584 84.6541131846607
15.4822269454598 -42.0148713048548
68.3152774814516 62.045421730727
43.2654967298731 -92.705240054056
49.3181354133412 -47.9787750635296
16.3658166304231 1.67693300172687
55.8262452716008 41.0769820213318
40.4255347093567 61.986824683845
50.8836445165798 91.4450645912439
32.4544253991917 46.5045154094696
13.6228611459956 -34.0459911618382
78.328668163158 -48.0869852937758
73.6063574673608 49.4968047831208
73.8274513976648 -10.143217118457
73.8748206291348 -9.24573168158531
51.1395666748285 98.7049950286746
37.8573284484446 77.5044263806194
67.6756996195763 -25.4679323174059
8.7299783481285 96.5742467436939
96.754500316456 -37.9646932706237
83.7421907810494 -16.9852625112981
39.7809192771092 -35.4292927309871
77.2085274104029 44.6958670392632
64.1289815073833 -78.4474807325751
10.9507532790303 -95.370546169579
43.6735697789118 -24.0415376611054
34.2953068902716 -36.5101679228246
9.01489604730159 -26.9916526041925
19.7782936971635 73.748963419348
91.324462601915 84.1741828713566
55.9835095424205 1.91736952401698
86.8234281195328 -5.44512937776744
1.89783733803779 -32.4314842466265
47.4420163081959 44.7115019429475
12.5463530421257 -61.0193895176053
98.2945892028511 49.3402075953782
30.4353736341 27.7392063755542
71.2416034424677 -89.4466632977128
98.4501651953906 68.3718187734485
81.6163298673928 64.8812158498913
33.9558796491474 -70.4405058175325
50.5808764602989 -74.7590721584857
86.2758539849892 2.64662825502455
37.8375886240974 14.727893890813
33.731478289701 -45.2802859246731
90.8093651290983 -65.6260630581528
49.7949337121099 -13.7655002065003
77.8687372338027 12.1090644970536
48.0370951583609 -52.6460937224329
28.2335162861273 39.9874584749341
10.1772816386074 -51.0944807901978
67.7514320239425 64.6086077205837
78.206015820615 73.5410538967699
21.0997733054683 34.2740835621953
47.9565356159583 -99.8239446431398
94.3062721984461 74.9600838404149
15.6700059073046 74.7235298156738
60.1911441422999 -45.832606498152
46.827969676815 9.43800597451627
67.6594515331089 -79.2724684346467
60.5883437907323 -16.3962991442531
18.9294788520783 -10.396574717015
