0.344711570819836 1.184150402949
-1.7269109993502 -0.568882609887271
-0.201358749642837 0.514305974567791
0.551016783922902 -0.468625372192949
1.89393348130044 1.30037738945509
-0.320122089412047 0.0982143656655986
-1.27344194317614 0.166175639297413
-0.376379975541744 -1.20074206703643
-0.901559079000024 1.1302820238388
-0.581508294485234 1.61461054147463
1.20028934595666 0.566686184403852
0.647048831971376 -1.52164937073793
-2.44734471149583 -0.203912639145883
-0.753079879458152 2.3314478932355
-1.43384625360746 0.0665466604643149
-0.0722746563758819 -0.0601742691676479
0.431796436525842 -0.894737645010019
0.320340949043283 0.0377279992545674
0.268580233062323 0.294809732672483
-0.407751350001491 0.653456439019277
1.85444274958809 -0.616534553749175
1.17899705831306 -1.08422788334942
0.689840063125806 -0.0178234615461548
-0.953368845170838 0.0335801578382101
0.521826899974348 0.299752692954622
0.28778159071259 -0.694504111478516
-0.641550184925569 -0.225855380390745
-1.66818368869441 -1.38439901412121
0.45111018139146 1.73697871877645
-1.49316829354793 1.55732124403445
-1.79480420011825 -1.38688567517282
0.458703838073957 -0.94373603045753
-0.707396355914993 -0.875167101404609
-0.383369289612317 0.616823138388141
-0.189666111678054 -1.32584347808193
0.316456658298659 0.571268831805334
0.963682617652312 0.434693776241024
1.67684403057171 -0.316545906926398
-0.00247411618507315 0.108765185993842
-0.434188137622664 0.878276688001835
-0.30798789958373 -0.449697224599686
0.877374233052917 0.35192253597262
-0.659077305584997 0.169989919454382
0.412514448793248 -1.75616604137171
2.182542719534 1.1022206495275
0.879886962044052 0.277658950682849
-0.228117482497894 -0.857147807806736
0.722038111521151 0.698166876259838
0.333041270912028 1.75893083363092
-0.13556252969116 1.49917987229354
0.523374090558154 -0.343283906154592
-0.566784502046734 -2.09271179935466
-0.0848463579862933 0.562053108749617
-1.24239200265934 0.118636915731362
0.306273558469074 -0.593265253011706
0.620119036137773 0.155161503018751
0.792170127148183 0.821112357786983
0.0516663760923896 -0.954602823523135
-0.168121585956627 -1.37378692770862
-0.821585074505678 0.409053575035734
-0.00671388043237959 0.602557452746022
0.268196715327318 -1.01343165688203
0.335812781129667 -1.10945334581325
-1.06295371212641 -1.52740902538657
-1.00632533041841 1.77174819692902
-0.288739686168864 0.869957855955687
2.15762732670589 -1.89287998609959
-0.0341524053522973 -0.330643576627847
-0.982960703559381 0.380555196422402
-0.707751384296509 0.21712922332036
-0.68535750376356 -1.05188413303813
-2.02439189480323 1.49226777404239
0.133256730778133 -1.53852703331808
0.13083599828471 1.10285345771258
-0.224019677872195 -0.579183519444915
-0.225026972679446 0.586297302746424
-0.526633379404422 1.43127374656288
0.0163194414206524 0.124317356347258
-0.439500934885295 -1.11082070916453
0.221390918703338 1.4896248357058
0.766256331871154 0.634443200208775
0.19985567346371 0.7434983049501
1.51418671918608 -0.46740134925654
-0.1183651538393 0.442608019673754
0.213672948760149 -0.369107443898205
0.368787369873875 -0.140488932380642
-1.17679370925564 -0.120865194977384
1.68469129048424 0.371477491373291
-0.54899592269405 -0.763868917710949
-0.765757943813609 1.7942613528524
1.51159198513146 0.222641241940391
0.254707031329351 -0.151532703067843
1.46195577483329 -1.02158152525936
0.0565683644234429 1.21628128634102
-0.363419926509522 0.098902489554866
-0.284814436707859 -0.468386131346444
-0.437654178897192 0.242687000817967
-0.219276538717757 -1.09579568147151
2.91611283539535 0.924433670140305
-0.276645647533704 -0.933325188587315
-0.866382218044043 -0.209742171480665
-0.892589665320144 -1.29457403133851
0.607568794616712 0.202536869510319
0.397113523867679 1.34479024702903
0.629589808809082 -1.23004819990753
-0.091133862091044 -0.509770840263295
-0.397618534226424 1.61119359729763
-0.160475441425088 0.26972785999808
-0.742048125241755 -1.2687750798086
1.31770166350176 0.884420300393078
0.437944976220538 0.548975684285119
-0.566060157868191 -0.810992006272352
-0.0891475351249439 0.797334024388456
-0.725701088543291 0.528266517409173
1.51963322269432 0.0943399484573144
-0.301365607727466 1.50571656402169
0.415858945781208 1.62296943539942
-0.518219392693254 1.93602464604036
-1.94038757980814 -1.56964201793533
0.811788148420219 -0.260049995101101
0.0904122930937038 -0.812682961223114
-0.822141574875243 0.472331816472127
0.793968749310671 -0.316009495858529
-0.190315898773916 0.830395333850785
-0.233064596155068 -1.01467964918091
1.97197964338273 0.669276151972627
-1.02603462057064 -1.12478650784561
-0.245824256834108 -1.3820535999443
-1.31886818341019 0.787604391271139
0.486791211455397 0.586343940340708
-1.17336521152779 -1.70178588657371
0.474313757789981 0.505354238934546
-0.948939280635404 2.38849602315336
-0.502219292851107 -1.7502886140976
1.88844220201353 -0.311816764735585
-0.636290066054104 2.56549329419202
2.1232043835584 0.70325901166911
-0.177343135555906 -1.39863373025619
-0.586291978640834 -0.0608175948315588
0.404051398822429 -1.70168179225874
1.75184058897796 -1.11407321987087
-0.367978891551491 0.721599846944021
-0.689978512665188 -0.671552910708682
1.82785337378385 -0.724553549770904
1.13082122720385 0.772250008593426
-1.10151467873547 1.50022340672491
-0.761716076665956 1.06459312405669
0.541525237872227 -0.92117208460464
2.42475627027061 -1.07630963735576
1.37694604267335 -0.705272997519325
0.501659566528423 -2.50192745085202
-0.238641478826431 -0.542776828679472
1.04259246444982 -1.29434679706131
0.041189159793916 0.492803790844599
1.28796169582263 1.15341145879529
-0.0451462983886248 -0.670939886529492
-1.72266172138198 -1.70695159454466
-0.313555963660169 2.05770678162458
-0.505590385836756 1.41247482241917
-0.709837005289479 1.69234848304254
0.865827424962413 0.938213658673829
0.275020041252298 -1.83671632226224
-0.387510083511457 0.719764958867339
-0.221115347264873 -1.50736423467111
-1.06938486294427 0.345684320275627
-0.473720317844773 -1.67481353328543
0.0676148915581354 -0.981369618227458
0.714944676698462 1.80694002034935
1.45069286436447 -0.950831612777054
-0.39643254984254 -0.679303689103761
1.4677911366167 0.323150708371493
1.24672748615671 -0.0629926847575799
0.315869528078379 -0.114680439840052
2.83412776230103 1.05362910978882
0.167571235312223 0.743093298440754
-1.47760263573061 -0.561196458895023
1.64639050218185 2.51493668045562
1.27371882955769 0.470558192406014
0.124687676403098 2.32362906369885
0.53837001021617 1.38784973691243
0.397322659381579 1.43949745751994
0.384545693208337 -1.48559854272378
-0.137104965529023 -1.20542747826542
1.04626772093039 0.194484774351276
-0.579915497654307 -1.14250163664797
-0.639994563542797 -0.558164663536719
-0.674580902787197 -0.741088718548624
0.118058199935662 -1.23841569415233
2.0227122051702 1.31883996168216
0.479127448708522 1.17552180122761
0.353243935941658 0.51433302197509
0.122864024951522 0.665956838779948
0.326566764221322 0.0700446743957614
0.209658688678245 0.0232114361465676
-0.747406012206695 -0.914779689566711
0.673868009884719 0.808292499214006
-0.620600528385116 1.24311498886771
-0.559935424040276 -0.448861351089291
0.0978404492246417 1.58804485051229
0.775346044722099 -0.195112228959587
