-80 -90
-60 -90
-40 -90
-20 -90
0 -90
20 -90
40 -90
60 -90
80 -90
-90 -80
-70 -80
-50 -80
-30 -80
-10 -80
10 -80
30 -80
50 -80
70 -80
90 -80
-80 -70
-60 -70
-40 -70
-20 -70
0 -70
20 -70
40 -70
60 -70
80 -70
-90 -60
-70 -60
-50 -60
-30 -60
-10 -60
10 -60
30 -60
50 -60
70 -60
90 -60
-80 -50
-60 -50
-40 -50
-20 -50
0 -50
20 -50
40 -50
60 -50
80 -50
-90 -40
-70 -40
-50 -40
-30 -40
-10 -40
10 -40
30 -40
50 -40
70 -40
90 -40
-80 -30
-60 -30
-40 -30
-20 -30
0 -30
20 -30
40 -30
60 -30
80 -30
-90 -20
-70 -20
-50 -20
-30 -20
-10 -20
10 -20
30 -20
50 -20
70 -20
90 -20
-80 -10
-60 -10
-40 -10
-20 -10
0 -10
20 -10
40 -10
60 -10
80 -10
-90 0
-70 0
-50 0
-30 0
-10 0
10 0
30 0
50 0
70 0
90 0
-80 10
-60 10
-40 10
-20 10
0 10
20 10
40 10
60 10
80 10
-90 20
-70 20
-50 20
-30 20
-10 20
10 20
30 20
50 20
70 20
90 20
-80 30
-60 30
-40 30
-20 30
0 30
20 30
40 30
60 30
80 30
-90 40
-70 40
-50 40
-30 40
-10 40
10 40
30 40
50 40
70 40
90 40
-80 50
-60 50
-40 50
-20 50
0 50
20 50
40 50
60 50
80 50
-90 60
-70 60
-50 60
-30 60
-10 60
10 60
30 60
50 60
70 60
90 60
-80 70
-60 70
-40 70
-20 70
0 70
20 70
40 70
60 70
80 70
-90 80
-70 80
-50 80
-30 80
-10 80
10 80
30 80
50 80
70 80
90 80
-80 90
-60 90
-40 90
-20 90
0 90
20 90
40 90
60 90
80 90
