-1 -0.666667 -0.666667 -0.666667
-1 -0.444444 -0.666667 -0.444444
-1 -0.222222 -0.666667 -0.222222
-1 0 -0.666667 0
-1 0.222222 -0.666667 0.222222
-1 0.444444 -0.666667 0.444444
-1 0.666667 -0.666667 0.666667
-0.666667 -1 -0.666667 -0.666667
-0.666667 -0.666667 -0.666667 -0.444444
-0.666667 -0.666667 -0.444444 -0.666667
-0.666667 -0.444444 -0.666667 -0.222222
-0.666667 -0.444444 -0.444444 -0.444444
-0.666667 -0.222222 -0.666667 0
-0.666667 -0.222222 -0.444444 -0.222222
-0.666667 0 -0.666667 0.222222
-0.666667 0 -0.444444 0
-0.666667 0.222222 -0.666667 0.444444
-0.666667 0.222222 -0.444444 0.222222
-0.666667 0.444444 -0.666667 0.666667
-0.666667 0.444444 -0.444444 0.444444
-0.666667 0.666667 -0.666667 1
-0.666667 0.666667 -0.444444 0.666667
-0.444444 -1 -0.444444 -0.666667
-0.444444 -0.666667 -0.444444 -0.444444
-0.444444 -0.444444 -0.444444 -0.222222
-0.444444 -0.222222 -0.444444 0
-0.444444 -0.222222 -0.222222 -0.222222
-0.444444 0 -0.444444 0.222222
-0.444444 0 -0.222222 0
-0.444444 0.222222 -0.444444 0.444444
-0.444444 0.222222 -0.222222 0.222222
-0.444444 0.444444 -0.444444 0.666667
-0.444444 0.444444 -0.222222 0.444444
-0.444444 0.666667 -0.444444 1
-0.444444 0.666667 -0.222222 0.666667
-0.444444 -0.444444 -0.222222 -0.444444
-0.444444 -0.666667 -0.222222 -0.666667
-0.222222 -1 -0.222222 -0.666667
-0.222222 -0.666667 -0.222222 -0.444444
-0.222222 -0.666667 -0 -0.666667
-0.222222 -0.444444 -0.222222 -0.222222
-0.222222 -0.222222 -0.222222 0
-0.222222 0 -0.222222 0.222222
-0.222222 0.222222 -0.222222 0.444444
-0.222222 0.222222 -0 0.222222
-0.222222 0.444444 -0.222222 0.666667
-0.222222 0.444444 5.55112e-17 0.444444
-0.222222 0.666667 -0.222222 1
-0.222222 -0.444444 -0 -0.444444
-0.222222 -0.222222 2.77556e-17 -0.222222
-0.222222 0 -0 0
-0.222222 0.666667 -0 0.666667
0 -1 0 -0.666667
0 -0.666667 0 -0.444444
0 -0.666667 0.222222 -0.666667
0 -0.444444 0 -0.222222
0 -0.444444 0.222222 -0.444444
0 -0.222222 0 0
0 -0.222222 0.222222 -0.222222
0 -0 0 0.222222
0 0 0.222222 0
0 0.222222 0 0.444444
0 0.222222 0.222222 0.222222
0 0.444444 0 0.666667
0 0.444444 0.222222 0.444444
0 0.666667 0 1
0 0.666667 0.222222 0.666667
0.222222 -1 0.222222 -0.666667
0.222222 -0.666667 0.222222 -0.444444
0.222222 -0.666667 0.444444 -0.666667
0.222222 -0.444444 0.222222 -0.222222
0.222222 -0.444444 0.444444 -0.444444
0.222222 -0.222222 0.222222 0
0.222222 -0.222222 0.444444 -0.222222
0.222222 -0 0.222222 0.222222
0.222222 0 0.444444 0
0.222222 0.222222 0.222222 0.444444
0.222222 0.222222 0.444444 0.222222
0.222222 0.444444 0.222222 0.666667
0.222222 0.444444 0.444444 0.444444
0.222222 0.666667 0.222222 1
0.222222 0.666667 0.444444 0.666667
0.444444 -0.666667 0.666667 -0.666667
0.444444 -0.222222 0.666667 -0.222222
0.444444 -1 0.444444 -0.666667
0.444444 -0.666667 0.444444 -0.444444
0.444444 -0.444444 0.444444 -0.222222
0.444444 -0.222222 0.444444 -0
0.444444 0 0.444444 0.222222
0.444444 0.222222 0.444444 0.444444
0.444444 0.222222 0.666667 0.222222
0.444444 0.444444 0.444444 0.666667
0.444444 0.444444 0.666667 0.444444
0.444444 0.666667 0.444444 1
0.444444 0.666667 0.666667 0.666667
0.444444 -0.444444 0.666667 -0.444444
0.444444 0 0.666667 0
0.666667 -1 0.666667 -0.666667
0.666667 -0.666667 0.666667 -0.444444
0.666667 -0.666667 1 -0.666667
0.666667 -0.444444 0.666667 -0.222222
0.666667 -0.444444 1 -0.444444
0.666667 -0.222222 0.666667 0
0.666667 -0.222222 1 -0.222222
0.666667 -0 0.666667 0.222222
0.666667 0 1 0
0.666667 0.222222 0.666667 0.444444
0.666667 0.222222 1 0.222222
0.666667 0.444444 0.666667 0.666667
0.666667 0.444444 1 0.444444
0.666667 0.666667 0.666667 1
0.666667 0.666667 1 0.666667
